TimeOFCR2																		
Box1																		
Animal ID	cont6_SI																	
Group	control																	
User Name	user1																	
Exp. Date	1/18/2019																	
Start Time	16:43																	
Finish Time	16:46																	
Project Name	20150721SocialDefeat																	
Session Name	20190118-1																	
Parameters																		
lower threshould: 	0																	
upper threshould: 	190																	
rate(frame/sec): 	2																	
duration(sec): 	150																	
bin duration(sec): 	60																	
subject size - min(pixcels): 	50																	
subject size - max(pixcels): 	2000																	
width(cm):	40																	
moving criterion(cm/sec): 	3.0																	
erode 	ON																	
No of erode: 	1																	
dilate 	ON																	
No of dilate: 	1																	
Auto Start	OFF																	
Center Region %	36																	
Backgound Color:	White																	
Angle Margin(degree):	30																	
Reset distance(cm):	80																	
Reset immobility: time(sec)	5																	
ROI radius(cm):	5																	
Referece File:	20151226SD																	
ROI File:	20150721ROI3																	
parameterÅ@File:	20151227_2m30sSD																	
CDÅ@Writing 	CD Writing OFF																	
Slice	X	Y	AREA	Distance	Immobile(0 or1)	Block No	Center(0 or 1)	Rearing(0 or 1)	No Particle	EpisodeNo.	Immobile Time(s)	Distance	TurnType	alpha	how finished	SubROI1	SubROI2	SubROI3
1	21	181	756	0.00	1	21	0	0	 	0	0.00	0.00	 	0	 	0	1	0
2	12	150	742	5.48	0	16	0	0	 	1	0.00	5.48		0	 	0	1	0
3	15	156	638	1.03	1	16	0	0	 	1	0.50	6.51	sharp	12	 	0	1	0
4	18	158	650	0.81	1	16	0	0	 	1	1.00	7.32	straight	155	 	0	1	0
5	41	135	819	5.63	0	16	0	0	 	1	0.00	12.95	obtuse left	97	 	0	0	0
6	75	92	937	9.49	0	12	1	0	 	1	0.00	22.44	straight	175	 	0	0	0
7	86	78	934	3.20	0	7	1	0	 	1	0.00	25.64	straight	180	 	0	0	0
8	90	78	951	0.66	1	7	1	0	 	1	0.50	26.30	obtuse right	132	 	0	0	0
9	88	78	889	0.34	1	7	1	0	 	1	1.00	26.64	d<1	-1	 	0	0	0
10	93	67	922	2.12	0	8	1	0	 	1	0.00	28.76	obtuse right	38	 	0	0	0
11	93	64	950	0.50	1	8	1	0	 	1	0.50	29.26	straight	153	 	0	0	0
12	91	64	958	0.22	1	7	1	0	 	1	1.00	29.49	d<1	-1	 	0	0	0
13	92	63	939	0.34	1	8	1	0	 	1	1.50	29.83	d<1	-1	 	0	0	0
14	93	63	917	0.08	1	8	1	0	 	1	2.00	29.91	d<1	-1	 	0	0	0
15	93	62	933	0.07	1	8	1	0	 	1	2.50	29.98	d<1	-1	 	0	0	0
16	96	61	1012	0.55	1	8	1	0	 	1	3.00	30.53	obtuse right	125	 	0	0	0
17	95	61	1005	0.20	1	8	1	0	 	1	3.50	30.73	d<1	-1	 	0	0	0
18	96	62	975	0.24	1	8	1	0	 	1	4.00	30.97	d<1	-1	 	0	0	0
19	95	64	967	0.31	1	8	1	0	 	1	4.50	31.28	d<1	-1	 	0	0	0
20	92	65	934	0.54	1	7	1	0	 	1	5.00	31.82	obtuse right	127	I	0	0	0
21	92	63	920	0.29	1	8	1	0	 	0	0.00	0.00		0	 	0	0	0
22	95	61	948	0.61	1	8	1	0	 	0	0.00	0.00		0	 	0	0	0
23	95	61	912	0.03	1	8	1	0	 	0	0.00	0.00		0	 	0	0	0
24	92	67	838	1.16	1	8	1	0	 	0	0.00	0.00		0	 	0	0	0
25	88	71	832	0.92	1	7	1	0	 	0	0.00	0.00		0	 	0	0	0
26	86	64	910	1.19	1	7	1	0	 	0	0.00	0.00		0	 	0	0	0
27	86	61	910	0.51	1	7	1	0	 	0	0.00	0.00		0	 	0	0	0
28	86	64	912	0.52	1	7	1	0	 	0	0.00	0.00		0	 	0	0	0
29	89	65	926	0.53	1	7	1	0	 	0	0.00	0.00		0	 	0	0	0
30	103	76	904	3.03	0	8	1	0	 	2	0.00	3.03		0	 	0	0	0
31	138	81	905	6.15	0	9	1	0	 	2	0.00	9.18	straight	152	 	0	0	0
32	152	97	841	3.69	0	14	1	0	 	2	0.00	12.87	obtuse right	140	 	0	0	0
33	158	108	849	2.20	0	14	1	0	 	2	0.00	15.07	straight	163	 	0	0	0
34	156	127	870	3.37	0	14	1	0	 	2	0.00	18.44	obtuse right	149	 	0	0	0
35	143	148	856	4.29	0	19	1	0	 	2	0.00	22.73	straight	155	 	0	0	0
36	145	145	802	0.69	1	19	1	0	 	2	0.50	23.43	sharp	10	 	0	0	0
37	158	165	820	4.04	0	19	1	0	 	2	0.00	27.47	obtuse right	73	 	0	0	0
38	173	202	697	6.95	0	24	0	0	 	2	0.00	34.42	straight	169	 	0	0	0
39	171	198	702	0.80	1	24	0	0	 	2	0.50	35.23	sharp	4	 	0	0	0
40	158	183	768	3.37	0	24	0	0	 	2	0.00	38.59	straight	164	 	0	0	0
41	126	166	886	6.25	0	18	1	0	 	2	0.00	44.84	straight	160	 	0	0	0
42	119	166	782	1.27	1	18	1	0	 	2	0.50	46.11	straight	151	 	0	0	0
43	126	145	897	3.86	0	18	1	0	 	2	0.00	49.98	obtuse right	72	 	0	0	0
44	128	84	916	10.62	0	8	1	0	 	2	0.00	60.60	straight	164	 	0	0	0
45	126	64	902	3.45	0	8	1	0	 	2	0.00	64.05	straight	172	 	0	0	0
46	120	62	918	1.00	1	8	1	0	 	2	0.50	65.05	obtuse left	123	 	0	0	0
47	115	58	933	1.17	1	8	1	0	 	2	1.00	66.22	straight	174	S	0	0	0
48	117	56	836	0.43	1	8	1	0	 	0	0.00	0.00		0	 	0	0	0
49	115	51	718	1.04	1	8	1	1	 	0	0.00	0.00		0	 	0	0	0
50	112	48	763	0.74	1	8	1	1	 	0	0.00	0.00		0	 	0	0	0
51	114	51	768	0.69	1	8	1	1	 	0	0.00	0.00		0	 	0	0	0
52	122	50	733	1.42	1	8	1	1	 	0	0.00	0.00		0	 	0	0	0
53	124	49	748	0.42	1	8	1	0	 	0	0.00	0.00		0	 	0	0	0
54	138	49	871	2.43	0	9	1	0	 	3	0.00	2.43		0	 	0	0	0
55	174	35	793	6.61	0	4	0	0	 	3	0.00	9.04	straight	160	 	0	0	1
56	202	18	704	5.72	0	5	0	0	 	3	0.00	14.76	straight	169	 	0	0	1
57	203	22	695	0.71	1	5	0	0	 	3	0.50	15.47	obtuse right	82	 	0	0	1
58	184	12	724	3.79	0	4	0	0	 	3	0.00	19.26	obtuse right	40	 	0	0	1
59	177	11	749	1.25	1	4	0	0	 	3	0.50	20.50	straight	161	 	0	0	1
60	174	10	673	0.49	1	4	0	0	 	3	1.00	20.99	d<1	-1	 	0	0	1
61	172	8	439	0.58	1	4	0	0	 	3	1.50	21.57	obtuse right	143	 	0	0	1
62	168	7	285	0.70	1	4	0	1	 	3	2.00	22.27	obtuse left	149	 	0	0	1
63	171	8	396	0.62	1	4	0	1	 	3	2.50	22.89	sharp	3	 	0	0	1
64	175	8	358	0.70	1	4	0	1	 	3	3.00	23.58	straight	162	 	0	0	1
65	175	9	604	0.18	1	4	0	0	 	3	3.50	23.77	d<1	-1	 	0	0	1
66	172	12	672	0.73	1	4	0	0	 	3	4.00	24.49	obtuse right	119	 	0	0	1
67	167	18	749	1.49	1	4	0	0	 	3	4.50	25.98	straight	164	 	0	0	1
68	165	21	700	0.55	1	4	0	0	 	3	5.00	26.53	straight	177	I	0	0	1
69	159	32	800	2.27	0	4	0	0	 	4	0.00	2.27		0	 	0	0	0
70	140	62	896	6.19	0	9	1	0	 	4	0.00	8.46	straight	176	 	0	0	0
71	139	66	764	0.63	1	9	1	0	 	4	0.50	9.08	straight	155	 	0	0	0
72	109	54	882	5.69	0	8	1	0	 	4	0.00	14.77	obtuse right	77	 	0	0	0
73	103	51	824	1.13	1	8	1	0	 	4	0.50	15.90	straight	172	 	0	0	0
74	98	52	837	0.90	1	8	1	0	 	4	1.00	16.80	obtuse left	138	 	0	0	0
75	51	36	806	8.67	0	2	0	0	 	4	0.00	25.47	obtuse right	148	 	1	0	0
76	23	23	717	5.31	0	1	0	0	 	4	0.00	30.78	straight	173	 	1	0	0
77	24	27	761	0.73	1	1	0	0	 	4	0.50	31.51	obtuse left	52	 	1	0	0
78	19	49	771	4.01	0	6	0	0	 	4	0.00	35.52	straight	156	 	1	0	0
79	12	61	676	2.41	0	6	0	0	 	4	0.00	37.93	straight	162	 	1	0	0
80	11	57	448	0.81	1	6	0	1	 	4	0.50	38.74	obtuse right	53	 	1	0	0
81	14	55	556	0.64	1	6	0	1	 	4	1.00	39.37	obtuse right	95	 	1	0	0
82	26	46	698	2.68	0	6	0	0	 	4	0.00	42.06	straight	169	 	1	0	0
83	42	20	810	5.29	0	1	0	0	 	4	0.00	47.35	straight	163	 	1	0	0
84	53	18	663	1.98	0	2	0	0	 	4	0.00	49.33	obtuse right	136	 	1	0	0
85	57	14	516	0.89	1	2	0	0	 	4	0.50	50.21	obtuse left	146	 	1	0	0
86	58	14	441	0.24	1	2	0	0	 	4	1.00	50.45	d<1	-1	 	1	0	0
87	59	14	447	0.17	1	2	0	0	 	4	1.50	50.63	d<1	-1	 	1	0	0
88	58	18	536	0.65	1	2	0	0	 	4	2.00	51.28	obtuse right	51	 	1	0	0
89	57	17	541	0.10	1	2	0	0	 	4	2.50	51.38	d<1	-1	 	1	0	0
90	58	18	548	0.16	1	2	0	0	 	4	3.00	51.55	d<1	-1	 	1	0	0
91	63	30	784	2.27	0	2	0	0	 	4	0.00	53.82	straight	166	 	1	0	0
92	96	56	897	7.23	0	8	1	0	 	4	0.00	61.05	straight	153	 	0	0	0
93	140	54	866	7.80	0	9	1	0	 	4	0.00	68.84	obtuse left	140	 	0	0	0
94	153	55	749	2.17	0	9	1	0	 	4	0.00	71.02	straight	170	 	0	0	0
95	149	55	734	0.76	1	9	1	0	 	4	0.50	71.78	sharp	3	 	0	0	0
96	149	51	720	0.76	1	9	1	0	 	4	1.00	72.54	obtuse right	82	 	0	0	0
97	152	47	648	0.76	1	9	1	1	 	4	1.50	73.29	straight	159	 	0	0	0
98	150	41	523	1.07	1	4	0	1	 	4	2.00	74.36	obtuse left	124	S	0	0	0
99	153	37	603	0.92	1	4	0	1	 	0	0.00	0.00		0	 	0	0	0
100	153	36	620	0.28	1	4	0	1	 	0	0.00	0.00		0	 	0	0	0
101	150	48	724	2.12	0	9	1	0	 	5	0.00	2.12		0	 	0	0	0
102	142	46	757	1.44	1	9	1	0	 	5	0.50	3.56	obtuse right	92	 	0	0	0
103	141	45	767	0.23	1	9	1	1	 	5	1.00	3.79	d<1	-1	 	0	0	0
104	149	50	683	1.75	0	9	1	0	 	5	0.00	5.54	sharp	20	 	0	0	0
105	154	46	737	1.20	1	9	1	0	 	5	0.50	6.74	obtuse left	104	 	0	0	0
106	154	46	780	0.02	1	9	1	0	 	5	1.00	6.76	d<1	-1	 	0	0	0
107	157	30	664	2.73	0	4	0	0	 	5	0.00	9.49	obtuse left	109	 	0	0	0
108	163	20	569	1.96	0	4	0	0	 	5	0.00	11.45	straight	160	 	0	0	1
109	164	19	572	0.27	1	4	0	0	 	5	0.50	11.72	d<1	-1	 	0	0	1
110	162	14	404	0.97	1	4	0	0	 	5	1.00	12.69	obtuse left	120	 	0	0	1
111	161	13	355	0.27	1	4	0	0	 	5	1.50	12.96	d<1	-1	 	0	0	1
112	165	16	549	0.80	1	4	0	0	 	5	2.00	13.76	sharp	15	 	0	0	1
113	166	17	616	0.23	1	4	0	0	 	5	2.50	14.00	d<1	-1	 	0	0	1
114	166	15	599	0.25	1	4	0	0	 	5	3.00	14.25	d<1	-1	 	0	0	1
115	176	15	585	1.65	0	4	0	1	 	5	0.00	15.91	obtuse right	117	 	0	0	1
116	179	17	706	0.65	1	4	0	0	 	5	0.50	16.55	obtuse right	145	 	0	0	1
117	196	24	711	3.21	0	5	0	0	 	5	0.00	19.77	straight	171	 	0	0	1
118	196	39	748	2.58	0	5	0	0	 	5	0.00	22.34	obtuse right	113	 	0	0	1
119	211	105	802	11.70	0	15	0	0	 	5	0.00	34.04	straight	167	 	0	0	0
120	209	154	741	8.58	0	20	0	0	 	5	0.00	42.63	straight	165	 	0	0	0
121	212	193	696	6.92	0	25	0	0	 	5	0.00	49.54	straight	173	 	0	0	0
122	213	198	674	0.86	1	25	0	0	 	5	0.50	50.40	straight	170	 	0	0	0
123	212	195	672	0.53	1	25	0	0	 	5	1.00	50.93	sharp	6	 	0	0	0
124	215	196	613	0.41	1	25	0	0	 	5	1.50	51.34	d<1	-1	 	0	0	0
125	219	204	464	1.60	0	25	0	1	 	5	0.00	52.93	obtuse right	133	 	0	0	0
126	216	200	580	0.87	1	25	0	0	 	5	0.50	53.80	sharp	13	 	0	0	0
127	202	204	669	2.44	0	25	0	0	 	5	0.00	56.24	obtuse left	120	 	0	0	0
128	178	212	574	4.49	0	24	0	0	 	5	0.00	60.72	straight	176	 	0	0	0
129	133	216	449	7.84	0	23	0	0	 	5	0.00	68.56	straight	164	 	0	0	0
130	104	215	418	5.10	0	23	0	0	 	5	0.00	73.67	straight	176	 	0	0	0
131	68	215	426	6.17	0	22	0	0	 	5	0.00	79.84	straight	180	 	0	1	0
132	31	214	532	6.53	0	21	0	0	 	5	0.00	86.37	straight	177	D	0	1	0
133	24	213	531	1.18	1	21	0	0	 	0	0.00	0.00		0	 	0	1	0
134	21	214	435	0.60	1	21	0	1	 	0	0.00	0.00		0	 	0	1	0
135	17	215	280	0.72	1	21	0	1	 	0	0.00	0.00		0	 	0	1	0
136	21	215	305	0.81	1	21	0	1	 	0	0.00	0.00		0	 	0	1	0
137	24	212	512	0.55	1	21	0	0	 	0	0.00	0.00		0	 	0	1	0
138	23	212	517	0.02	1	21	0	0	 	0	0.00	0.00		0	 	0	1	0
139	22	210	539	0.43	1	21	0	0	 	0	0.00	0.00		0	 	0	1	0
140	23	191	677	3.38	0	21	0	0	 	6	0.00	3.38		0	 	0	1	0
141	34	135	805	9.89	0	16	0	0	 	6	0.00	13.27	straight	172	 	0	0	0
142	47	94	849	7.54	0	12	1	0	 	6	0.00	20.81	straight	172	 	0	0	0
143	63	50	812	7.99	0	7	1	0	 	6	0.00	28.80	straight	180	 	1	0	0
144	67	57	794	1.29	1	7	1	0	 	6	0.50	30.09	obtuse right	54	 	1	0	0
145	89	52	824	3.85	0	7	1	0	 	6	0.00	33.94	obtuse left	112	 	0	0	0
146	91	52	832	0.40	1	7	1	0	 	6	0.50	34.35	d<1	-1	 	0	0	0
147	115	51	884	4.17	0	8	1	0	 	6	0.00	38.52	straight	175	 	0	0	0
148	161	43	789	8.26	0	4	0	0	 	6	0.00	46.78	straight	171	 	0	0	1
149	171	36	719	1.98	0	4	0	1	 	6	0.00	48.76	straight	156	 	0	0	1
150	172	34	745	0.40	1	4	0	1	 	6	0.50	49.15	d<1	-1	 	0	0	1
151	167	43	744	1.73	0	4	0	0	 	6	0.00	50.88	sharp	9	 	0	0	1
152	171	50	768	1.40	1	9	1	0	 	6	0.50	52.28	obtuse left	122	 	0	0	1
153	173	52	855	0.54	1	9	1	0	 	6	1.00	52.82	straight	165	 	0	0	1
154	165	49	732	1.47	1	9	1	0	 	6	1.50	54.29	sharp	23	 	0	0	1
155	162	38	707	1.88	0	4	0	0	 	6	0.00	56.17	obtuse right	129	 	0	0	1
156	162	39	636	0.08	1	4	0	1	 	6	0.50	56.24	d<1	-1	 	0	0	1
157	156	39	535	1.02	1	4	0	1	 	6	1.00	57.26	obtuse right	75	 	0	0	0
158	153	40	602	0.52	1	4	0	1	 	6	1.50	57.78	straight	180	 	0	0	0
159	162	40	662	1.47	1	4	0	0	 	6	2.00	59.25	sharp	7	 	0	0	1
160	163	38	732	0.31	1	4	0	0	 	6	2.50	59.57	d<1	-1	 	0	0	1
161	162	24	602	2.45	0	4	0	0	 	6	0.00	62.02	obtuse left	139	 	0	0	1
162	164	18	555	1.10	1	4	0	0	 	6	0.50	63.12	straight	160	 	0	0	1
163	160	14	365	0.98	1	4	0	0	 	6	1.00	64.10	obtuse left	120	 	0	0	0
164	166	19	602	1.33	1	4	0	0	 	6	1.50	65.43	sharp	0	 	0	0	1
165	168	25	642	1.11	1	4	0	0	 	6	2.00	66.53	straight	164	 	0	0	1
166	151	42	807	4.26	0	4	0	0	 	6	0.00	70.79	obtuse right	107	 	0	0	0
167	116	54	903	6.42	0	8	1	0	 	6	0.00	77.21	straight	155	 	0	0	0
168	71	41	793	8.23	0	2	0	0	 	6	0.00	85.44	obtuse right	145	D	1	0	0
169	54	20	721	4.55	0	2	0	0	 	7	0.00	4.55		0	 	1	0	0
170	55	21	690	0.19	1	2	0	0	 	7	0.50	4.74	d<1	-1	 	1	0	0
171	59	22	627	0.76	1	2	0	0	 	7	1.00	5.51	straight	177	 	1	0	0
172	62	18	477	0.84	1	2	0	0	 	7	1.50	6.35	obtuse left	100	 	1	0	0
173	61	19	519	0.17	1	2	0	0	 	7	2.00	6.52	d<1	-1	 	1	0	0
174	62	19	471	0.15	1	2	0	0	 	7	2.50	6.67	d<1	-1	 	1	0	0
175	64	14	302	0.94	1	2	0	0	 	7	3.00	7.61	obtuse left	144	 	1	0	0
176	64	15	330	0.22	1	2	0	0	 	7	3.50	7.83	d<1	-1	 	1	0	0
177	61	19	449	0.84	1	2	0	0	 	7	4.00	8.67	straight	175	 	1	0	0
178	70	38	777	3.72	0	2	0	0	 	7	0.00	12.39	obtuse left	118	 	1	0	0
179	83	59	683	4.27	0	7	1	0	 	7	0.00	16.66	straight	174	 	0	0	0
180	76	59	567	1.19	1	7	1	0	 	7	0.50	17.85	obtuse right	62	 	0	0	0
181	78	59	719	0.45	1	7	1	0	 	7	1.00	18.30	d<1	-1	 	0	0	0
182	75	61	689	0.77	1	7	1	0	 	7	1.50	19.07	sharp	21	 	0	0	0
183	77	61	722	0.42	1	7	1	0	 	7	2.00	19.48	d<1	-1	 	0	0	0
184	77	70	841	1.60	0	7	1	0	 	7	0.00	21.08	obtuse right	84	 	0	0	0
185	54	128	857	10.81	0	12	1	0	 	7	0.00	31.89	straight	159	 	0	0	0
186	33	191	691	11.54	0	21	0	0	 	7	0.00	43.43	straight	177	 	0	1	0
187	46	212	611	4.26	0	22	0	0	 	7	0.00	47.69	obtuse left	130	 	0	1	0
188	50	214	366	0.78	1	22	0	1	 	7	0.50	48.47	straight	150	 	0	1	0
189	46	213	357	0.76	1	21	0	0	 	7	1.00	49.23	sharp	21	 	0	1	0
190	51	213	443	0.86	1	22	0	0	 	7	1.50	50.10	sharp	11	 	0	1	0
191	52	208	551	0.86	1	22	0	0	 	7	2.00	50.95	obtuse left	107	 	0	1	0
192	52	209	544	0.08	1	22	0	0	 	7	2.50	51.03	d<1	-1	 	0	1	0
193	64	207	703	2.05	0	22	0	0	 	7	0.00	53.09	obtuse left	130	 	0	1	0
194	96	197	692	5.93	0	23	0	0	 	7	0.00	59.02	straight	168	 	0	0	0
195	95	199	626	0.45	1	23	0	0	 	7	0.50	59.47	d<1	-1	 	0	0	0
196	96	200	650	0.39	1	23	0	0	 	7	1.00	59.87	d<1	-1	 	0	0	0
197	95	200	646	0.10	1	23	0	0	 	7	1.50	59.97	d<1	-1	 	0	0	0
198	93	200	612	0.35	1	23	0	0	 	7	2.00	60.32	d<1	-1	 	0	0	0
199	93	200	590	0.06	1	23	0	0	 	7	2.50	60.38	d<1	-1	 	0	0	0
200	93	201	582	0.09	1	23	0	0	 	7	3.00	60.47	d<1	-1	 	0	0	0
201	92	201	546	0.04	1	23	0	0	 	7	3.50	60.51	d<1	-1	 	0	0	0
202	92	200	557	0.05	1	23	0	0	 	7	4.00	60.57	d<1	-1	 	0	0	0
203	92	201	586	0.04	1	23	0	0	 	7	4.50	60.61	d<1	-1	 	0	0	0
204	92	201	574	0.02	1	23	0	0	 	7	5.00	60.63	d<1	-1	I	0	0	0
205	92	201	518	0.06	1	23	0	0	 	0	0.00	0.00		0	 	0	0	0
206	94	199	628	0.39	1	23	0	0	 	0	0.00	0.00		0	 	0	0	0
207	94	200	622	0.15	1	23	0	0	 	0	0.00	0.00		0	 	0	0	0
208	94	200	621	0.03	1	23	0	0	 	0	0.00	0.00		0	 	0	0	0
209	94	200	624	0.10	1	23	0	0	 	0	0.00	0.00		0	 	0	0	0
210	94	200	623	0.11	1	23	0	0	 	0	0.00	0.00		0	 	0	0	0
211	97	202	697	0.53	1	23	0	0	 	0	0.00	0.00		0	 	0	0	0
212	95	201	626	0.37	1	23	0	0	 	0	0.00	0.00		0	 	0	0	0
213	93	195	667	1.07	1	23	0	0	 	0	0.00	0.00		0	 	0	0	0
214	86	172	764	4.16	0	17	1	0	 	8	0.00	4.16		0	 	0	0	0
215	78	123	872	8.67	0	12	1	0	 	8	0.00	12.83	straight	174	 	0	0	0
216	72	73	789	8.76	0	7	1	0	 	8	0.00	21.59	straight	177	 	1	0	0
217	47	48	778	6.09	0	7	1	0	 	8	0.00	27.68	obtuse left	142	 	1	0	0
218	28	36	814	3.98	0	1	0	0	 	8	0.00	31.65	straight	166	 	1	0	0
219	27	36	782	0.16	1	1	0	0	 	8	0.50	31.81	d<1	-1	 	1	0	0
220	17	23	733	2.92	0	1	0	0	 	8	0.00	34.73	obtuse right	146	 	1	0	0
221	14	16	602	1.25	1	1	0	1	 	8	0.50	35.98	straight	171	 	1	0	0
222	10	14	459	0.73	1	1	0	1	 	8	1.00	36.71	obtuse left	149	 	1	0	0
223	17	18	648	1.41	1	1	0	0	 	8	1.50	38.13	sharp	0	 	1	0	0
224	41	16	775	4.20	0	1	0	0	 	8	0.00	42.33	obtuse left	143	 	1	0	0
225	48	16	671	1.21	1	2	0	0	 	8	0.50	43.54	straight	174	 	1	0	0
226	61	29	716	3.20	0	2	0	0	 	8	0.00	46.74	obtuse right	136	 	1	0	0
227	87	50	820	5.81	0	7	1	0	 	8	0.00	52.56	straight	174	 	0	0	0
228	84	49	809	0.64	1	7	1	0	 	8	0.50	53.19	sharp	26	 	0	0	0
229	84	48	742	0.07	1	7	1	0	 	8	1.00	53.27	d<1	-1	 	0	0	0
230	92	46	790	1.47	1	7	1	0	 	8	1.50	54.73	obtuse right	89	 	0	0	0
231	103	48	781	1.95	0	8	1	0	 	8	0.00	56.68	straight	153	 	0	0	0
232	107	50	818	0.84	1	8	1	0	 	8	0.50	57.52	straight	163	 	0	0	0
233	143	45	843	6.30	0	9	1	0	 	8	0.00	63.82	obtuse left	144	 	0	0	0
234	165	44	739	3.88	0	4	0	1	 	8	0.00	67.70	straight	175	 	0	0	1
235	160	44	726	0.96	1	9	1	0	 	8	0.50	68.66	sharp	3	 	0	0	0
236	160	42	697	0.36	1	4	0	0	 	8	1.00	69.02	d<1	-1	 	0	0	0
237	161	40	624	0.52	1	4	0	1	 	8	1.50	69.54	straight	163	 	0	0	1
238	155	37	500	1.08	1	4	0	1	 	8	2.00	70.62	obtuse left	87	 	0	0	0
239	156	38	517	0.11	1	4	0	1	 	8	2.50	70.73	d<1	-1	 	0	0	0
240	159	28	540	1.79	0	4	0	1	 	8	0.00	72.52	obtuse left	73	 	0	0	0
241	159	33	494	0.89	1	4	0	1	 	8	0.50	73.42	sharp	19	 	0	0	0
242	159	35	557	0.44	1	4	0	1	 	8	1.00	73.86	d<1	-1	 	0	0	0
243	163	38	732	0.81	1	4	0	0	 	8	1.50	74.67	obtuse left	115	 	0	0	1
244	165	21	710	2.97	0	4	0	0	 	8	0.00	77.64	obtuse left	64	 	0	0	1
245	171	15	576	1.41	1	4	0	1	 	8	0.50	79.05	obtuse right	146	 	0	0	1
246	176	16	725	0.92	1	4	0	0	 	8	1.00	79.97	obtuse right	127	 	0	0	1
247	206	16	691	5.25	0	5	0	0	 	8	0.00	85.22	straight	174	D	0	0	1
248	216	11	493	1.84	0	5	0	1	 	9	0.00	1.84		0	 	0	0	1
249	214	12	461	0.28	1	5	0	1	 	9	0.50	2.12	d<1	-1	 	0	0	1
250	209	16	600	1.11	1	5	0	0	 	9	1.00	3.22	straight	152	 	0	0	1
251	215	45	724	5.14	0	10	0	0	 	9	0.00	8.36	obtuse left	118	 	0	0	1
252	218	84	752	6.89	0	10	0	0	 	9	0.00	15.25	straight	174	 	0	0	0
253	220	120	639	6.28	0	15	0	0	 	9	0.00	21.53	straight	177	 	0	0	0
254	219	125	548	0.88	1	15	0	1	 	9	0.50	22.41	straight	168	 	0	0	0
255	219	138	745	2.27	0	20	0	0	 	9	0.00	24.69	straight	173	 	0	0	0
256	217	187	693	8.40	0	25	0	0	 	9	0.00	33.08	straight	180	 	0	0	0
257	217	200	657	2.43	0	25	0	0	 	9	0.00	35.51	straight	177	 	0	0	0
258	217	205	558	0.72	1	25	0	1	 	9	0.50	36.23	straight	176	 	0	0	0
259	220	210	366	1.11	1	25	0	1	 	9	1.00	37.34	straight	155	 	0	0	0
260	216	205	484	1.05	1	25	0	1	 	9	1.50	38.39	sharp	8	 	0	0	0
261	219	206	394	0.45	1	25	0	1	 	9	2.00	38.84	d<1	-1	 	0	0	0
262	207	196	612	2.66	0	25	0	0	 	9	0.00	41.50	obtuse left	34	 	0	0	0
263	207	194	630	0.45	1	25	0	0	 	9	0.50	41.95	d<1	-1	 	0	0	0
264	215	189	656	1.70	0	25	0	0	 	9	0.00	43.65	obtuse right	128	 	0	0	0
265	209	185	643	1.33	1	25	0	0	 	9	0.50	44.98	obtuse left	61	 	0	0	0
266	204	188	675	0.90	1	25	0	0	 	9	1.00	45.88	obtuse left	119	 	0	0	0
267	195	196	717	2.15	0	25	0	0	 	9	0.00	48.03	straight	172	 	0	0	0
268	186	205	694	2.33	0	25	0	0	 	9	0.00	50.36	straight	173	 	0	0	0
269	171	200	702	2.79	0	24	0	0	 	9	0.00	53.16	obtuse right	112	 	0	0	0
270	157	182	732	3.86	0	24	0	0	 	9	0.00	57.02	obtuse right	149	 	0	0	0
271	156	153	788	5.15	0	19	1	0	 	9	0.00	62.16	obtuse right	142	 	0	0	0
272	164	138	846	2.89	0	19	1	0	 	9	0.00	65.06	straight	152	 	0	0	0
273	182	120	795	4.41	0	14	1	0	 	9	0.00	69.47	straight	162	 	0	0	0
274	208	105	759	5.14	0	15	0	0	 	9	0.00	74.61	straight	166	 	0	0	0
275	209	107	698	0.40	1	15	0	0	 	9	0.50	75.01	d<1	-1	 	0	0	0
276	211	89	754	3.15	0	15	0	0	 	9	0.00	78.17	obtuse left	33	 	0	0	0
277	207	55	709	5.98	0	10	0	0	 	9	0.00	84.15	straight	163	D	0	0	1
278	205	58	697	0.58	1	10	0	0	 	0	0.00	0.00		0	 	0	0	1
279	180	45	833	4.94	0	9	1	0	 	10	0.00	4.94		0	 	0	0	1
280	165	43	756	2.64	0	4	0	0	 	10	0.00	7.58	straight	162	 	0	0	1
281	141	51	872	4.27	0	9	1	0	 	10	0.00	11.85	straight	153	 	0	0	0
282	145	51	815	0.66	1	9	1	0	 	10	0.50	12.51	sharp	15	 	0	0	0
283	144	48	791	0.51	1	9	1	0	 	10	1.00	13.02	obtuse left	75	 	0	0	0
284	143	47	755	0.26	1	9	1	0	 	10	1.50	13.29	d<1	-1	 	0	0	0
285	140	46	877	0.54	1	9	1	0	 	10	2.00	13.83	straight	166	 	0	0	0
286	138	47	946	0.41	1	8	1	0	 	10	2.50	14.23	d<1	-1	 	0	0	0
287	113	47	893	4.32	0	8	1	0	 	10	0.00	18.55	straight	165	 	0	0	0
288	109	51	865	0.97	1	8	1	0	 	10	0.50	19.52	obtuse left	133	 	0	0	0
289	73	41	805	6.49	0	2	0	0	 	10	0.00	26.01	obtuse right	118	 	0	0	0
290	60	22	696	4.05	0	2	0	0	 	10	0.00	30.06	obtuse right	139	 	1	0	0
291	59	20	608	0.33	1	2	0	0	 	10	0.50	30.39	d<1	-1	 	1	0	0
292	61	24	609	0.61	1	2	0	0	 	10	1.00	31.00	sharp	3	 	1	0	0
293	58	28	664	0.84	1	2	0	0	 	10	1.50	31.85	obtuse right	120	 	1	0	0
294	76	45	825	4.36	0	7	1	0	 	10	0.00	36.21	obtuse left	99	 	0	0	0
295	98	49	827	3.84	0	8	1	0	 	10	0.00	40.05	obtuse left	149	 	0	0	0
296	103	47	626	1.00	1	8	1	0	 	10	0.50	41.05	obtuse left	147	 	0	0	0
297	102	47	546	0.31	1	8	1	1	 	10	1.00	41.36	d<1	-1	 	0	0	0
298	98	44	456	0.75	1	3	0	0	 	10	1.50	42.11	obtuse right	148	 	0	0	0
299	98	49	682	0.89	1	8	1	0	 	10	2.00	43.00	obtuse left	52	 	0	0	0
300	91	46	846	1.38	1	7	1	0	 	10	2.50	44.38	obtuse right	68	 	0	0	0
