TimeOFCR2																		
Box1																		
Animal ID	MD5_object																	
Group	MD																	
User Name	user1																	
Exp. Date	1/18/2019																	
Start Time	16:30																	
Finish Time	16:33																	
Project Name	20150721SocialDefeat																	
Session Name	20190118-1																	
Parameters																		
lower threshould: 	0																	
upper threshould: 	190																	
rate(frame/sec): 	2																	
duration(sec): 	150																	
bin duration(sec): 	60																	
subject size - min(pixcels): 	50																	
subject size - max(pixcels): 	2000																	
width(cm):	40																	
moving criterion(cm/sec): 	3.0																	
erode 	ON																	
No of erode: 	1																	
dilate 	ON																	
No of dilate: 	1																	
Auto Start	OFF																	
Center Region %	36																	
Backgound Color:	White																	
Angle Margin(degree):	30																	
Reset distance(cm):	80																	
Reset immobility: time(sec)	5																	
ROI radius(cm):	5																	
Referece File:	20151226SD																	
ROI File:	20150721ROI3																	
parameterÅ@File:	20151227_2m30sSD																	
CDÅ@Writing 	CD Writing OFF																	
Slice	X	Y	AREA	Distance	Immobile(0 or1)	Block No	Center(0 or 1)	Rearing(0 or 1)	No Particle	EpisodeNo.	Immobile Time(s)	Distance	TurnType	alpha	how finished	SubROI1	SubROI2	SubROI3
1	7	140	616	0.00	1	16	0	0	 	0	0.00	0.00	 	0	 	0	0	0
2	9	141	697	0.36	1	16	0	0	 	0	0.00	0.00		0	 	0	0	0
3	29	122	930	4.87	0	11	0	0	 	1	0.00	4.87		0	 	0	0	0
4	68	96	970	8.05	0	12	1	0	 	1	0.00	12.91	straight	169	 	0	0	0
5	100	76	967	6.55	0	8	1	0	 	1	0.00	19.46	straight	180	 	0	0	0
6	111	64	964	2.81	0	8	1	0	 	1	0.00	22.27	straight	167	 	0	0	0
7	109	65	957	0.32	1	8	1	0	 	1	0.50	22.59	d<1	-1	 	0	0	0
8	101	70	873	1.68	0	8	1	0	 	1	0.00	24.27	straight	175	 	0	0	0
9	98	72	903	0.68	1	8	1	0	 	1	0.50	24.94	straight	180	 	0	0	0
10	97	72	921	0.22	1	8	1	0	 	1	1.00	25.16	d<1	-1	 	0	0	0
11	96	70	960	0.34	1	8	1	0	 	1	1.50	25.50	d<1	-1	 	0	0	0
12	97	73	911	0.53	1	8	1	0	 	1	2.00	26.03	sharp	3	 	0	0	0
13	112	78	962	2.84	0	8	1	0	 	1	0.00	28.87	obtuse left	116	 	0	0	0
14	137	74	1036	4.33	0	8	1	0	 	1	0.00	33.20	straight	153	 	0	0	0
15	130	83	998	1.94	0	8	1	0	 	1	0.00	35.13	obtuse right	45	 	0	0	0
16	129	87	1002	0.68	1	8	1	0	 	1	0.50	35.81	straight	168	 	0	0	0
17	122	82	907	1.49	1	8	1	0	 	1	1.00	37.30	obtuse right	79	 	0	0	0
18	93	101	1004	5.92	0	13	1	0	 	1	0.00	43.22	obtuse left	110	 	0	0	0
19	60	126	981	7.24	0	12	1	0	 	1	0.00	50.45	straight	177	 	0	0	0
20	58	130	982	0.89	1	12	1	0	 	1	0.50	51.35	obtuse left	146	 	0	0	0
21	66	137	997	1.73	0	17	1	0	 	1	0.00	53.08	obtuse left	113	 	0	0	0
22	67	147	1023	1.74	0	17	1	0	 	1	0.00	54.82	obtuse right	139	 	0	1	0
23	65	136	929	1.95	0	17	1	0	 	1	0.00	56.77	sharp	0	 	0	0	0
24	65	134	962	0.42	1	17	1	0	 	1	0.50	57.19	d<1	-1	 	0	0	0
25	101	139	1003	6.28	0	18	1	0	 	1	0.00	63.47	obtuse right	81	 	0	0	0
26	144	143	999	7.50	0	19	1	0	 	1	0.00	70.97	straight	177	 	0	0	0
27	144	144	964	0.10	1	19	1	0	 	1	0.50	71.06	d<1	-1	 	0	0	0
28	145	123	968	3.63	0	14	1	0	 	1	0.00	74.69	obtuse left	37	 	0	0	0
29	161	91	987	6.20	0	14	1	0	 	1	0.00	80.89	straight	154	D	0	0	0
30	174	72	978	4.14	0	9	1	0	 	2	0.00	4.14		0	 	0	0	1
31	183	57	970	2.85	0	9	1	0	 	2	0.00	6.99	straight	177	 	0	0	1
32	180	64	941	1.28	1	9	1	0	 	2	0.50	8.27	sharp	11	 	0	0	1
33	169	58	972	2.27	0	9	1	0	 	2	0.00	10.54	obtuse right	81	 	0	0	1
34	168	57	991	0.30	1	9	1	0	 	2	0.50	10.84	d<1	-1	 	0	0	1
35	176	79	844	4.14	0	9	1	0	 	2	0.00	14.98	sharp	22	S	0	0	0
36	154	123	898	8.58	0	14	1	0	 	3	0.00	8.58		0	 	0	0	0
37	148	174	879	8.98	0	19	1	0	 	3	0.00	17.56	straight	160	 	0	0	0
38	147	198	827	4.16	0	24	0	0	 	3	0.00	21.72	straight	176	 	0	0	0
39	146	199	814	0.06	1	24	0	0	 	3	0.50	21.78	d<1	-1	 	0	0	0
40	154	202	808	1.45	1	24	0	0	 	3	1.00	23.22	obtuse left	74	 	0	0	0
41	166	206	870	2.31	0	24	0	0	 	3	0.00	25.53	straight	169	 	0	0	0
42	167	206	855	0.09	1	24	0	0	 	3	0.50	25.62	d<1	-1	 	0	0	0
43	174	191	870	3.00	0	24	0	0	 	3	0.00	28.62	obtuse left	123	 	0	0	0
44	167	195	740	1.48	1	24	0	0	 	3	0.50	30.10	obtuse left	35	 	0	0	0
45	126	169	930	8.40	0	18	1	0	 	3	0.00	38.50	obtuse right	119	 	0	0	0
46	85	157	846	7.44	0	17	1	0	 	3	0.00	45.94	straight	164	 	0	0	0
47	57	166	905	5.18	0	17	1	0	 	3	0.00	51.12	obtuse left	146	 	0	1	0
48	25	182	778	6.18	0	21	0	0	 	3	0.00	57.30	straight	171	 	0	1	0
49	19	193	772	2.16	0	21	0	0	 	3	0.00	59.45	obtuse left	144	 	0	1	0
50	21	192	743	0.33	1	21	0	0	 	3	0.50	59.78	d<1	-1	 	0	1	0
51	19	190	781	0.43	1	21	0	0	 	3	1.00	60.21	d<1	-1	 	0	1	0
52	27	189	823	1.36	1	21	0	0	 	3	1.50	61.57	obtuse right	63	 	0	1	0
53	31	179	764	1.87	0	21	0	0	 	3	0.00	63.43	obtuse left	124	 	0	1	0
54	59	153	870	6.62	0	17	1	0	 	3	0.00	70.06	straight	158	 	0	1	0
55	96	103	906	10.76	0	13	1	0	 	3	0.00	80.82	straight	171	D	0	0	0
56	107	70	925	6.10	0	8	1	0	 	4	0.00	6.10		0	 	0	0	0
57	107	65	966	0.80	1	8	1	0	 	4	0.50	6.90	straight	169	 	0	0	0
58	105	69	901	0.70	1	8	1	0	 	4	1.00	7.61	sharp	24	 	0	0	0
59	92	65	938	2.45	0	7	1	0	 	4	0.00	10.05	obtuse right	103	 	0	0	0
60	62	46	883	6.14	0	7	1	0	 	4	0.00	16.19	straight	164	 	1	0	0
61	36	29	863	5.35	0	1	0	0	 	4	0.00	21.54	straight	180	 	1	0	0
62	25	23	822	2.29	0	1	0	0	 	4	0.00	23.82	straight	175	 	1	0	0
63	32	39	816	3.05	0	1	0	0	 	4	0.00	26.87	obtuse left	39	 	1	0	0
64	34	39	758	0.46	1	1	0	0	 	4	0.50	27.33	d<1	-1	 	1	0	0
65	66	68	858	7.48	0	7	1	0	 	4	0.00	34.81	obtuse right	147	 	1	0	0
66	114	59	941	8.54	0	8	1	0	 	4	0.00	43.36	obtuse left	127	 	0	0	0
67	127	54	896	2.38	0	8	1	0	 	4	0.00	45.74	straight	172	 	0	0	0
68	125	55	863	0.36	1	8	1	0	 	4	0.50	46.10	d<1	-1	 	0	0	0
69	133	65	936	2.23	0	8	1	0	 	4	0.00	48.33	obtuse left	77	 	0	0	0
70	189	90	887	10.66	0	15	0	0	 	4	0.00	58.98	straight	152	 	0	0	0
71	206	95	782	3.08	0	15	0	0	 	4	0.00	62.06	straight	170	 	0	0	0
72	208	96	842	0.36	1	15	0	0	 	4	0.50	62.43	d<1	-1	 	0	0	0
73	185	97	784	3.96	0	15	0	0	 	4	0.00	66.39	obtuse right	56	 	0	0	0
74	150	60	902	8.79	0	9	1	0	 	4	0.00	75.18	obtuse right	132	 	0	0	0
75	149	59	886	0.25	1	9	1	0	 	4	0.50	75.43	d<1	-1	 	0	0	0
76	154	66	809	1.52	0	9	1	0	 	4	0.00	76.94	sharp	19	 	0	0	0
77	123	96	909	7.62	0	13	1	0	 	4	0.00	84.57	obtuse right	99	S	0	0	0
78	89	133	938	8.68	0	17	1	0	 	5	0.00	8.68		0	 	0	0	0
79	71	147	981	3.92	0	17	1	0	 	5	0.00	12.60	straight	171	 	0	1	0
80	67	167	839	3.55	0	17	1	0	 	5	0.00	16.15	obtuse left	142	 	0	1	0
81	41	205	703	8.02	0	21	0	0	 	5	0.00	24.17	straight	160	 	0	1	0
82	41	205	724	0.11	1	21	0	0	 	5	0.50	24.28	d<1	-1	 	0	1	0
83	55	190	735	3.48	0	22	0	0	 	5	0.00	27.76	straight	164	 	0	1	0
84	84	174	796	5.75	0	17	1	0	 	5	0.00	33.52	straight	162	 	0	0	0
85	108	120	902	10.30	0	13	1	0	 	5	0.00	43.82	obtuse left	143	S	0	0	0
86	127	67	865	9.87	0	8	1	0	 	6	0.00	9.87		0	 	0	0	0
87	126	65	794	0.41	1	8	1	0	 	6	0.50	10.27	d<1	-1	 	0	0	0
88	124	62	914	0.59	1	8	1	0	 	6	1.00	10.86	straight	165	 	0	0	0
89	126	61	923	0.35	1	8	1	0	 	6	1.50	11.21	d<1	-1	 	0	0	0
90	123	63	862	0.64	1	8	1	0	 	6	2.00	11.86	sharp	12	 	0	0	0
91	107	57	951	3.01	0	8	1	0	 	6	0.00	14.87	obtuse right	123	 	0	0	0
92	109	60	926	0.62	1	8	1	0	 	6	0.50	15.49	sharp	29	 	0	0	0
93	103	82	865	4.00	0	8	1	0	 	6	0.00	19.49	obtuse right	124	 	0	0	0
94	88	108	910	5.20	0	12	1	0	 	6	0.00	24.69	straight	164	S	0	0	0
95	66	155	864	9.07	0	17	1	0	 	7	0.00	9.07		0	 	0	1	0
96	52	199	738	8.08	0	22	0	0	 	7	0.00	17.15	straight	173	 	0	1	0
97	53	190	725	1.56	0	22	0	0	 	7	0.00	18.71	sharp	10	 	0	1	0
98	80	146	849	9.03	0	17	1	0	 	7	0.00	27.75	straight	155	 	0	0	0
99	124	71	883	15.10	0	8	1	0	 	7	0.00	42.85	straight	180	 	0	0	0
100	127	61	853	1.87	0	8	1	0	 	7	0.00	44.72	straight	167	 	0	0	0
101	123	59	852	0.75	1	8	1	0	 	7	0.50	45.48	obtuse left	105	 	0	0	0
102	121	59	862	0.43	1	8	1	0	 	7	1.00	45.91	d<1	-1	 	0	0	0
103	97	53	972	4.32	0	8	1	0	 	7	0.00	50.23	straight	165	 	0	0	0
104	48	31	758	9.36	0	2	0	0	 	7	0.00	59.59	straight	168	 	1	0	0
105	33	23	788	2.85	0	1	0	0	 	7	0.00	62.44	straight	176	 	1	0	0
106	34	25	832	0.27	1	1	0	0	 	7	0.50	62.71	d<1	-1	 	1	0	0
107	35	40	780	2.60	0	1	0	0	 	7	0.00	65.31	straight	154	 	1	0	0
108	32	45	814	1.11	1	6	0	0	 	7	0.50	66.42	obtuse right	147	 	1	0	0
109	19	60	768	3.49	0	6	0	0	 	7	0.00	69.91	straight	169	 	1	0	0
110	18	119	774	10.17	0	11	0	0	 	7	0.00	80.08	obtuse left	140	D	0	0	0
111	11	178	711	10.34	0	21	0	0	 	8	0.00	10.34		0	 	0	1	0
112	10	192	705	2.47	0	21	0	0	 	8	0.00	12.81	straight	176	 	0	1	0
113	35	161	792	6.89	0	16	0	0	 	8	0.00	19.70	obtuse left	36	 	0	1	0
114	107	94	922	17.20	0	13	1	0	 	8	0.00	36.90	straight	172	 	0	0	0
115	149	49	883	10.69	0	9	1	0	 	8	0.00	47.58	straight	176	 	0	0	0
116	184	27	849	7.10	0	4	0	0	 	8	0.00	54.69	straight	166	 	0	0	1
117	193	21	788	1.97	0	5	0	0	 	8	0.00	56.66	straight	177	 	0	0	1
118	180	17	777	2.38	0	4	0	0	 	8	0.00	59.03	obtuse left	50	 	0	0	1
119	176	18	805	0.63	1	4	0	0	 	8	0.50	59.66	straight	156	 	0	0	1
120	177	19	802	0.26	1	4	0	0	 	8	1.00	59.93	d<1	-1	 	0	0	1
121	175	19	777	0.39	1	4	0	0	 	8	1.50	60.31	d<1	-1	 	0	0	1
122	178	20	820	0.52	1	4	0	0	 	8	2.00	60.84	sharp	0	 	0	0	1
123	181	41	776	3.78	0	4	0	0	 	8	0.00	64.62	obtuse right	114	 	0	0	1
124	143	88	900	10.62	0	14	1	0	 	8	0.00	75.24	obtuse right	130	 	0	0	0
125	85	118	937	11.40	0	12	1	0	 	8	0.00	86.64	straight	156	D	0	0	0
126	34	135	829	9.23	0	16	0	0	 	9	0.00	9.23		0	 	0	0	0
127	25	139	911	1.80	0	16	0	0	 	9	0.00	11.03	straight	175	 	0	0	0
128	43	143	746	3.23	0	16	0	0	 	9	0.00	14.26	obtuse left	35	 	0	0	0
129	65	148	772	3.93	0	17	1	0	 	9	0.00	18.19	straight	180	 	0	1	0
130	115	111	903	10.88	0	13	1	0	 	9	0.00	29.07	obtuse left	131	 	0	0	0
131	173	62	831	13.13	0	9	1	0	 	9	0.00	42.20	straight	176	 	0	0	1
132	196	40	791	5.51	0	5	0	0	 	9	0.00	47.71	straight	177	 	0	0	1
133	181	23	805	3.96	0	4	0	0	 	9	0.00	51.67	obtuse left	94	 	0	0	1
134	176	31	768	1.80	0	4	0	0	 	9	0.00	53.47	obtuse left	72	 	0	0	1
135	169	32	721	1.11	1	4	0	0	 	9	0.50	54.58	obtuse right	126	 	0	0	1
136	169	35	832	0.61	1	4	0	0	 	9	1.00	55.19	obtuse left	100	 	0	0	1
137	132	58	912	7.57	0	8	1	0	 	9	0.00	62.76	obtuse right	128	 	0	0	0
138	95	81	854	7.54	0	8	1	0	 	9	0.00	70.30	straight	180	 	0	0	0
139	96	93	879	2.17	0	13	1	0	 	9	0.00	72.47	obtuse left	118	S	0	0	0
140	89	102	827	1.95	0	12	1	0	 	10	0.00	1.95		0	 	0	0	0
141	62	94	910	4.77	0	12	1	0	 	10	0.00	6.72	obtuse right	112	 	0	0	0
142	45	89	901	3.20	0	11	0	0	 	10	0.00	9.93	straight	177	 	0	0	0
143	18	63	809	6.47	0	6	0	0	 	10	0.00	16.40	obtuse right	150	 	1	0	0
144	11	35	777	5.03	0	1	0	0	 	10	0.00	21.43	obtuse right	150	 	1	0	0
145	13	43	670	1.35	1	1	0	0	 	10	0.50	22.77	sharp	0	 	1	0	0
146	17	48	748	1.13	1	6	0	0	 	10	1.00	23.90	straight	154	 	1	0	0
147	29	60	722	2.95	0	6	0	0	 	10	0.00	26.86	straight	177	 	1	0	0
148	50	76	792	4.58	0	7	1	0	 	10	0.00	31.44	straight	170	 	0	0	0
149	89	59	846	7.48	0	7	1	0	 	10	0.00	38.91	obtuse left	120	 	0	0	0
150	96	66	859	1.66	0	8	1	0	 	10	0.00	40.58	obtuse right	110	S	0	0	0
151	164	83	886	12.29	0	9	1	0	 	11	0.00	12.29		0	 	0	0	0
152	191	92	814	4.90	0	15	0	0	 	11	0.00	17.19	straight	175	 	0	0	0
153	206	127	824	6.57	0	15	0	0	 	11	0.00	23.77	obtuse right	132	 	0	0	0
154	213	172	778	8.04	0	20	0	0	 	11	0.00	31.81	straight	167	 	0	0	0
155	212	203	682	5.39	0	25	0	0	 	11	0.00	37.20	straight	167	 	0	0	0
156	209	201	679	0.62	1	25	0	0	 	11	0.50	37.82	obtuse right	48	 	0	0	0
157	210	202	693	0.21	1	25	0	0	 	11	1.00	38.02	d<1	-1	 	0	0	0
158	213	188	693	2.37	0	25	0	0	 	11	0.00	40.40	obtuse left	52	 	0	0	0
159	208	182	663	1.39	1	25	0	0	 	11	0.50	41.78	obtuse left	131	 	0	0	0
160	207	174	661	1.39	1	20	0	0	 	11	1.00	43.17	straight	155	 	0	0	0
161	164	205	822	9.11	0	24	0	0	 	11	0.00	52.28	obtuse left	66	 	0	0	0
162	137	213	553	4.80	0	23	0	0	 	11	0.00	57.09	straight	161	 	0	0	0
163	140	212	576	0.45	1	24	0	0	 	11	0.50	57.53	d<1	-1	 	0	0	0
164	102	202	830	6.78	0	23	0	0	 	11	0.00	64.32	sharp	25	 	0	0	0
165	55	174	828	9.57	0	17	1	0	 	11	0.00	73.88	straight	164	 	0	1	0
166	43	171	732	2.09	0	16	0	0	 	11	0.00	75.98	straight	162	 	0	1	0
167	17	187	673	5.28	0	21	0	0	 	11	0.00	81.25	obtuse left	136	D	0	1	0
168	13	201	628	2.59	0	21	0	0	 	12	0.00	2.59		0	 	0	1	0
169	11	201	695	0.27	1	21	0	0	 	12	0.50	2.85	d<1	-1	 	0	1	0
170	14	182	610	3.49	0	21	0	0	 	12	0.00	6.34	obtuse right	50	 	0	1	0
171	57	139	827	10.53	0	17	1	0	 	12	0.00	16.88	obtuse right	143	 	0	0	0
172	125	96	898	13.97	0	13	1	0	 	12	0.00	30.85	straight	168	 	0	0	0
173	159	86	814	6.08	0	9	1	0	 	12	0.00	36.93	straight	164	 	0	0	0
174	163	90	839	0.99	1	14	1	0	 	12	0.50	37.92	obtuse right	119	 	0	0	0
175	165	98	868	1.34	1	14	1	0	 	12	1.00	39.27	obtuse right	145	 	0	0	0
176	180	93	910	2.76	0	14	1	0	 	12	0.00	42.03	obtuse left	82	 	0	0	0
177	180	91	813	0.37	1	14	1	0	 	12	0.50	42.40	d<1	-1	 	0	0	0
178	184	93	850	0.87	1	15	0	0	 	12	1.00	43.27	obtuse right	74	 	0	0	0
179	190	90	863	0.98	1	15	0	0	 	12	1.50	44.25	obtuse left	131	 	0	0	0
180	198	65	824	4.70	0	10	0	0	 	12	0.00	48.95	obtuse left	135	 	0	0	1
181	210	41	847	4.66	0	5	0	0	 	12	0.00	53.61	straight	173	 	0	0	1
182	200	43	787	1.76	0	5	0	0	 	12	0.00	55.38	obtuse left	53	 	0	0	1
183	191	24	841	3.70	0	5	0	0	 	12	0.00	59.08	obtuse right	105	 	0	0	1
184	180	18	846	2.06	0	4	0	0	 	12	0.00	61.14	obtuse left	143	 	0	0	1
185	175	18	779	0.84	1	4	0	0	 	12	0.50	61.98	straight	157	 	0	0	1
186	167	29	821	2.44	0	4	0	0	 	12	0.00	64.42	obtuse left	124	 	0	0	1
187	123	67	870	10.07	0	8	1	0	 	12	0.00	74.49	straight	168	 	0	0	0
188	111	88	808	4.15	0	8	1	0	 	12	0.00	78.64	straight	160	 	0	0	0
189	98	116	890	5.45	0	13	1	0	 	12	0.00	84.09	straight	176	D	0	0	0
190	97	110	843	1.04	1	13	1	0	 	0	0.00	0.00		0	 	0	0	0
191	85	68	873	7.75	0	7	1	0	 	13	0.00	7.75		0	 	0	0	0
192	86	60	821	1.38	1	7	1	0	 	13	0.50	9.13	straight	153	 	0	0	0
193	87	58	792	0.29	1	7	1	0	 	13	1.00	9.42	d<1	-1	 	0	0	0
194	91	62	809	1.10	1	7	1	0	 	13	1.50	10.52	obtuse right	60	 	0	0	0
195	118	54	870	4.81	0	8	1	0	 	13	0.00	15.34	obtuse left	125	 	0	0	0
196	141	52	903	3.95	0	9	1	0	 	13	0.00	19.29	straight	168	 	0	0	0
197	172	37	810	6.04	0	4	0	0	 	13	0.00	25.33	straight	160	 	0	0	1
198	168	27	850	1.97	0	4	0	0	 	13	0.00	27.30	obtuse left	94	 	0	0	1
199	169	25	808	0.31	1	4	0	0	 	13	0.50	27.61	d<1	-1	 	0	0	1
200	167	31	706	1.10	1	4	0	0	 	13	1.00	28.71	sharp	7	 	0	0	1
201	168	29	734	0.44	1	4	0	0	 	13	1.50	29.16	d<1	-1	 	0	0	1
202	169	30	747	0.32	1	4	0	0	 	13	2.00	29.47	d<1	-1	 	0	0	1
203	172	33	760	0.60	1	4	0	0	 	13	2.50	30.07	straight	180	 	0	0	1
204	152	58	811	5.49	0	9	1	0	 	13	0.00	35.57	obtuse right	99	 	0	0	0
205	106	62	884	8.03	0	8	1	0	 	13	0.00	43.59	obtuse right	133	 	0	0	0
206	98	60	919	1.45	1	8	1	0	 	13	0.50	45.04	straight	158	 	0	0	0
207	76	50	831	4.32	0	7	1	0	 	13	0.00	49.37	straight	173	 	0	0	0
208	26	27	709	9.45	0	1	0	0	 	13	0.00	58.82	straight	180	 	1	0	0
209	21	30	710	1.06	1	1	0	0	 	13	0.50	59.88	obtuse left	130	 	1	0	0
210	20	31	738	0.24	1	1	0	0	 	13	1.00	60.12	d<1	-1	 	1	0	0
211	32	32	739	2.17	0	1	0	0	 	13	0.00	62.29	obtuse left	59	 	1	0	0
212	49	17	805	3.95	0	2	0	0	 	13	0.00	66.24	obtuse left	135	 	1	0	0
213	49	19	793	0.35	1	2	0	0	 	13	0.50	66.59	d<1	-1	 	1	0	0
214	54	30	799	2.21	0	2	0	0	 	13	0.00	68.80	obtuse left	137	 	1	0	0
215	112	61	892	11.37	0	8	1	0	 	13	0.00	80.17	obtuse left	145	D	0	0	0
216	135	58	836	4.13	0	8	1	0	 	14	0.00	4.13		0	 	0	0	0
217	137	59	838	0.35	1	8	1	0	 	14	0.50	4.47	d<1	-1	 	0	0	0
218	142	56	906	0.97	1	9	1	0	 	14	1.00	5.45	obtuse left	118	 	0	0	0
219	176	52	807	5.90	0	9	1	0	 	14	0.00	11.35	straight	157	 	0	0	1
220	198	85	803	6.83	0	10	0	0	 	14	0.00	18.18	obtuse right	117	 	0	0	0
221	209	143	787	10.28	0	20	0	0	 	14	0.00	28.46	straight	157	 	0	0	0
222	216	179	694	6.45	0	25	0	0	 	14	0.00	34.91	straight	180	 	0	0	0
223	218	187	802	1.34	1	25	0	0	 	14	0.50	36.25	straight	176	 	0	0	0
224	215	191	702	0.96	1	25	0	0	 	14	1.00	37.21	obtuse right	126	 	0	0	0
225	213	183	726	1.44	1	25	0	0	 	14	1.50	38.65	obtuse right	49	 	0	0	0
226	172	161	850	8.17	0	19	1	0	 	14	0.00	46.83	obtuse left	127	 	0	0	0
227	93	110	863	16.35	0	13	1	0	 	14	0.00	63.18	straight	175	 	0	0	0
228	88	90	855	3.59	0	12	1	0	 	14	0.00	66.77	obtuse right	137	 	0	0	0
229	109	73	901	4.78	0	8	1	0	 	14	0.00	71.55	obtuse right	115	S	0	0	0
230	142	77	905	5.85	0	9	1	0	 	15	0.00	5.85		0	 	0	0	0
231	159	59	846	4.30	0	9	1	0	 	15	0.00	10.15	obtuse left	126	 	0	0	0
232	167	51	837	1.98	0	9	1	0	 	15	0.00	12.12	straight	180	 	0	0	1
233	178	45	810	2.18	0	9	1	0	 	15	0.00	14.30	straight	159	 	0	0	1
234	169	32	875	2.72	0	4	0	0	 	15	0.00	17.02	obtuse left	82	 	0	0	1
235	170	31	774	0.23	1	4	0	0	 	15	0.50	17.25	d<1	-1	 	0	0	1
236	169	32	711	0.24	1	4	0	0	 	15	1.00	17.49	d<1	-1	 	0	0	1
237	170	39	735	1.23	1	4	0	0	 	15	1.50	18.73	obtuse left	140	 	0	0	1
238	133	66	844	8.00	0	8	1	0	 	15	0.00	26.72	obtuse right	120	S	0	0	0
239	108	98	867	6.93	0	13	1	0	 	16	0.00	6.93		0	 	0	0	0
240	74	106	858	6.03	0	12	1	0	 	16	0.00	12.96	obtuse right	141	 	0	0	0
241	40	122	850	6.59	0	11	0	0	 	16	0.00	19.55	straight	167	 	0	0	0
242	19	140	726	4.87	0	16	0	0	 	16	0.00	24.42	straight	166	 	0	0	0
243	12	167	723	4.85	0	16	0	0	 	16	0.00	29.27	obtuse left	144	 	0	1	0
244	15	195	656	4.76	0	21	0	0	 	16	0.00	34.03	straight	159	 	0	1	0
245	53	210	699	7.15	0	22	0	0	 	16	0.00	41.18	obtuse left	119	 	0	1	0
246	71	213	627	3.14	0	22	0	0	 	16	0.00	44.32	straight	166	 	0	1	0
247	85	210	622	2.53	0	22	0	0	 	16	0.00	46.85	straight	162	 	0	0	0
248	80	209	535	0.97	1	22	0	0	 	16	0.50	47.82	sharp	20	 	0	0	0
249	83	192	748	3.01	0	22	0	0	 	16	0.00	50.83	obtuse right	90	 	0	0	0
250	129	110	854	16.38	0	13	1	0	 	16	0.00	67.21	straight	162	 	0	0	0
251	152	58	784	9.96	0	9	1	0	 	16	0.00	77.16	straight	175	S	0	0	0
252	152	54	748	0.54	1	9	1	0	 	0	0.00	0.00		0	 	0	0	0
253	153	56	782	0.40	1	9	1	0	 	0	0.00	0.00		0	 	0	0	0
254	154	57	798	0.11	1	9	1	0	 	0	0.00	0.00		0	 	0	0	0
255	134	53	878	3.39	0	8	1	0	 	17	0.00	3.39		0	 	0	0	0
256	128	51	903	1.26	1	8	1	0	 	17	0.50	4.65	straight	170	 	0	0	0
257	75	47	866	9.26	0	7	1	0	 	17	0.00	13.92	straight	165	 	0	0	0
258	37	42	807	6.65	0	1	0	0	 	17	0.00	20.56	straight	177	 	1	0	0
259	43	26	837	3.08	0	1	0	0	 	17	0.00	23.65	obtuse right	76	 	1	0	0
260	52	20	734	1.89	0	2	0	0	 	17	0.00	25.53	obtuse right	140	 	1	0	0
261	56	23	694	0.74	1	2	0	0	 	17	0.50	26.27	obtuse right	115	 	1	0	0
262	57	22	661	0.24	1	2	0	0	 	17	1.00	26.51	d<1	-1	 	1	0	0
263	57	22	609	0.03	1	2	0	0	 	17	1.50	26.53	d<1	-1	 	1	0	0
264	55	21	709	0.33	1	2	0	0	 	17	2.00	26.86	d<1	-1	 	1	0	0
265	58	19	645	0.51	1	2	0	0	 	17	2.50	27.37	obtuse right	84	 	1	0	0
266	58	18	613	0.12	1	2	0	0	 	17	3.00	27.49	d<1	-1	 	1	0	0
267	53	22	747	1.03	1	2	0	0	 	17	3.50	28.52	sharp	18	 	1	0	0
268	53	23	737	0.23	1	2	0	0	 	17	4.00	28.75	d<1	-1	 	1	0	0
269	60	32	764	2.08	0	2	0	0	 	17	0.00	30.83	obtuse left	122	 	1	0	0
270	111	67	925	10.62	0	8	1	0	 	17	0.00	41.45	straight	163	 	0	0	0
271	169	67	851	10.11	0	9	1	0	 	17	0.00	51.56	obtuse left	146	S	0	0	1
272	194	67	881	4.27	0	10	0	0	 	18	0.00	4.27		0	 	0	0	1
273	213	85	758	4.58	0	10	0	0	 	18	0.00	8.85	obtuse right	136	 	0	0	0
274	199	74	778	3.08	0	10	0	0	 	18	0.00	11.93	sharp	5	 	0	0	0
275	192	35	704	6.91	0	5	0	0	 	18	0.00	18.84	obtuse right	139	 	0	0	1
276	197	27	810	1.59	0	5	0	0	 	18	0.00	20.42	obtuse right	140	 	0	0	1
277	200	22	769	0.99	1	5	0	0	 	18	0.50	21.41	straight	168	 	0	0	1
278	188	23	732	2.08	0	5	0	0	 	18	0.00	23.50	obtuse left	44	 	0	0	1
279	172	18	670	2.91	0	4	0	0	 	18	0.00	26.40	straight	159	 	0	0	1
280	175	15	626	0.68	1	4	0	1	 	18	0.50	27.09	obtuse right	70	 	0	0	1
281	176	14	567	0.34	1	4	0	1	 	18	1.00	27.43	d<1	-1	 	0	0	1
282	172	18	705	0.92	1	4	0	0	 	18	1.50	28.34	sharp	0	 	0	0	1
283	173	18	723	0.12	1	4	0	0	 	18	2.00	28.47	d<1	-1	 	0	0	1
284	150	45	864	6.04	0	9	1	0	 	18	0.00	34.51	obtuse right	112	 	0	0	0
285	98	56	892	9.25	0	8	1	0	 	18	0.00	43.76	obtuse right	143	 	0	0	0
286	68	55	770	5.25	0	7	1	0	 	18	0.00	49.01	straight	165	 	1	0	0
287	50	42	761	3.86	0	2	0	0	 	18	0.00	52.87	obtuse right	147	 	1	0	0
288	26	49	753	4.42	0	6	0	0	 	18	0.00	57.30	obtuse left	127	 	1	0	0
289	36	50	737	1.75	0	6	0	0	 	18	0.00	59.05	sharp	21	 	1	0	0
290	57	35	706	4.52	0	2	0	0	 	18	0.00	63.57	obtuse left	143	 	1	0	0
291	62	36	569	0.82	1	2	0	1	 	18	0.50	64.39	obtuse right	142	 	1	0	0
292	61	31	727	0.85	1	2	0	1	 	18	1.00	65.24	obtuse left	75	 	1	0	0
293	61	31	735	0.05	1	2	0	0	 	18	1.50	65.29	d<1	-1	 	1	0	0
294	59	32	765	0.31	1	2	0	0	 	18	2.00	65.60	d<1	-1	 	1	0	0
295	61	32	722	0.21	1	2	0	0	 	18	2.50	65.80	d<1	-1	 	1	0	0
296	62	29	716	0.44	1	2	0	0	 	18	3.00	66.25	d<1	-1	 	1	0	0
297	51	24	809	2.08	0	2	0	0	 	18	0.00	68.33	obtuse left	92	 	1	0	0
298	35	22	723	2.78	0	1	0	0	 	18	0.00	71.10	straight	164	 	1	0	0
299	42	44	752	4.04	0	1	0	0	 	18	0.00	75.14	obtuse left	64	 	1	0	0
300	80	67	859	7.83	0	7	1	0	 	18	0.00	82.97	obtuse left	137	D	0	0	0
