TimeOFCR2																		
Box1																		
Animal ID	MD4_object																	
Group	MD																	
User Name	user1																	
Exp. Date	1/18/2019																	
Start Time	16:22																	
Finish Time	16:24																	
Project Name	20150721SocialDefeat																	
Session Name	20190118-1																	
Parameters																		
lower threshould: 	0																	
upper threshould: 	190																	
rate(frame/sec): 	2																	
duration(sec): 	150																	
bin duration(sec): 	60																	
subject size - min(pixcels): 	50																	
subject size - max(pixcels): 	2000																	
width(cm):	40																	
moving criterion(cm/sec): 	3.0																	
erode 	ON																	
No of erode: 	1																	
dilate 	ON																	
No of dilate: 	1																	
Auto Start	OFF																	
Center Region %	36																	
Backgound Color:	White																	
Angle Margin(degree):	30																	
Reset distance(cm):	80																	
Reset immobility: time(sec)	5																	
ROI radius(cm):	5																	
Referece File:	20151226SD																	
ROI File:	20150721ROI3																	
parameterÅ@File:	20151227_2m30sSD																	
CDÅ@Writing 	CD Writing OFF																	
Slice	X	Y	AREA	Distance	Immobile(0 or1)	Block No	Center(0 or 1)	Rearing(0 or 1)	No Particle	EpisodeNo.	Immobile Time(s)	Distance	TurnType	alpha	how finished	SubROI1	SubROI2	SubROI3
1	20	112	837	0.00	1	11	0	0	 	0	0.00	0.00	 	0	 	0	0	0
2	23	89	859	4.09	0	11	0	0	 	1	0.00	4.09		0	 	0	0	0
3	30	91	792	1.31	1	11	0	0	 	1	0.50	5.40	obtuse right	79	 	0	0	0
4	53	89	913	4.12	0	12	1	0	 	1	0.00	9.52	straight	155	 	0	0	0
5	85	91	939	5.61	0	12	1	0	 	1	0.00	15.13	straight	170	 	0	0	0
6	106	95	941	3.73	0	13	1	0	 	1	0.00	18.86	straight	173	 	0	0	0
7	113	100	953	1.46	1	13	1	0	 	1	0.50	20.31	straight	153	 	0	0	0
8	123	109	938	2.32	0	13	1	0	 	1	0.00	22.63	straight	172	 	0	0	0
9	112	120	913	2.62	0	13	1	0	 	1	0.00	25.24	obtuse right	89	 	0	0	0
10	106	157	888	6.59	0	18	1	0	 	1	0.00	31.83	obtuse left	144	 	0	0	0
11	100	187	802	5.38	0	23	0	0	 	1	0.00	37.21	straight	177	 	0	0	0
12	96	198	762	2.05	0	23	0	0	 	1	0.00	39.27	straight	171	 	0	0	0
13	89	190	827	1.81	0	22	0	0	 	1	0.00	41.08	obtuse right	61	 	0	0	0
14	55	196	778	5.89	0	22	0	0	 	1	0.00	46.97	obtuse left	122	 	0	1	0
15	29	201	711	4.76	0	21	0	0	 	1	0.00	51.73	straight	180	 	0	1	0
16	28	197	695	0.71	1	21	0	0	 	1	0.50	52.44	obtuse right	85	 	0	1	0
17	18	164	789	5.89	0	16	0	0	 	1	0.00	58.33	straight	168	 	0	1	0
18	12	118	831	8.08	0	11	0	0	 	1	0.00	66.41	straight	169	S	0	0	0
19	14	71	784	8.24	0	6	0	0	 	2	0.00	8.24		0	 	1	0	0
20	14	34	780	6.52	0	1	0	0	 	2	0.00	14.76	straight	180	 	1	0	0
21	14	34	781	0.11	1	1	0	0	 	2	0.50	14.87	d<1	-1	 	1	0	0
22	15	43	719	1.60	0	1	0	0	 	2	0.00	16.46	obtuse left	110	 	1	0	0
23	36	43	840	3.77	0	1	0	0	 	2	0.00	20.23	obtuse left	97	 	1	0	0
24	52	43	898	2.74	0	2	0	0	 	2	0.00	22.97	straight	180	 	1	0	0
25	52	43	898	0.02	1	2	0	0	 	2	0.50	22.99	d<1	-1	 	1	0	0
26	50	43	881	0.43	1	2	0	0	 	2	1.00	23.42	d<1	-1	 	1	0	0
27	44	49	768	1.42	1	6	0	0	 	2	1.50	24.84	obtuse left	149	 	1	0	0
28	48	78	865	5.10	0	7	1	0	 	2	0.00	29.94	obtuse left	122	 	0	0	0
29	52	122	868	7.81	0	12	1	0	 	2	0.00	37.75	straight	176	 	0	0	0
30	43	157	804	6.25	0	16	0	0	 	2	0.00	44.00	straight	161	 	0	1	0
31	29	185	743	5.41	0	21	0	0	 	2	0.00	49.41	straight	167	 	0	1	0
32	23	197	754	2.36	0	21	0	0	 	2	0.00	51.78	straight	176	 	0	1	0
33	21	181	701	2.87	0	21	0	0	 	2	0.00	54.64	obtuse right	30	 	0	1	0
34	22	174	701	1.26	1	16	0	0	 	2	0.50	55.90	straight	169	 	0	1	0
35	29	179	758	1.58	0	21	0	0	 	2	0.00	57.48	obtuse right	58	 	0	1	0
36	51	197	823	5.00	0	22	0	0	 	2	0.00	62.48	straight	176	 	0	1	0
37	64	206	734	2.71	0	22	0	0	 	2	0.00	65.19	straight	174	 	0	1	0
38	64	205	702	0.27	1	22	0	0	 	2	0.50	65.46	d<1	-1	 	0	1	0
39	85	189	855	4.65	0	22	0	0	 	2	0.00	70.11	obtuse right	103	 	0	0	0
40	112	144	907	9.10	0	18	1	0	 	2	0.00	79.21	straight	157	 	0	0	0
41	140	112	925	7.48	0	14	1	0	 	2	0.00	86.69	straight	170	D	0	0	0
42	170	94	881	5.89	0	14	1	0	 	3	0.00	5.89		0	 	0	0	0
43	197	90	879	4.76	0	15	0	0	 	3	0.00	10.65	straight	158	 	0	0	0
44	203	93	840	1.23	1	15	0	0	 	3	0.50	11.88	obtuse right	149	 	0	0	0
45	197	81	807	2.23	0	10	0	0	 	3	0.00	14.11	obtuse left	40	 	0	0	0
46	193	46	816	6.22	0	10	0	0	 	3	0.00	20.33	straight	159	 	0	0	1
47	193	26	745	3.43	0	5	0	0	 	3	0.00	23.76	straight	171	 	0	0	1
48	202	24	775	1.61	0	5	0	0	 	3	0.00	25.37	obtuse right	106	 	0	0	1
49	202	27	749	0.55	1	5	0	0	 	3	0.50	25.92	obtuse right	60	 	0	0	1
50	200	25	757	0.46	1	5	0	0	 	3	1.00	26.38	d<1	-1	 	0	0	1
51	188	29	785	2.22	0	5	0	0	 	3	0.00	28.60	obtuse left	114	 	0	0	1
52	173	29	831	2.48	0	4	0	0	 	3	0.00	31.08	straight	160	 	0	0	1
53	178	30	749	0.85	1	4	0	0	 	3	0.50	31.93	sharp	8	 	0	0	1
54	171	58	844	4.95	0	9	1	0	 	3	0.00	36.88	obtuse right	83	 	0	0	1
55	165	82	795	4.40	0	9	1	0	 	3	0.00	41.28	straight	180	 	0	0	0
56	135	86	879	5.22	0	8	1	0	 	3	0.00	46.51	obtuse right	112	S	0	0	0
57	121	72	902	3.50	0	8	1	0	 	4	0.00	3.50		0	 	0	0	0
58	114	61	927	2.20	0	8	1	0	 	4	0.00	5.70	straight	171	 	0	0	0
59	117	62	898	0.49	1	8	1	0	 	4	0.50	6.19	d<1	-1	 	0	0	0
60	122	62	900	0.85	1	8	1	0	 	4	1.00	7.04	straight	176	S	0	0	0
61	121	61	876	0.29	1	8	1	0	 	0	0.00	0.00		0	 	0	0	0
62	117	62	876	0.67	1	8	1	0	 	0	0.00	0.00		0	 	0	0	0
63	90	68	861	4.84	0	7	1	0	 	5	0.00	4.84		0	 	0	0	0
64	53	88	829	7.31	0	12	1	0	 	5	0.00	12.15	straight	165	 	0	0	0
65	30	106	777	5.02	0	11	0	0	 	5	0.00	17.17	straight	171	 	0	0	0
66	37	113	773	1.85	0	11	0	0	 	5	0.00	19.02	obtuse left	83	 	0	0	0
67	65	84	871	7.02	0	7	1	0	 	5	0.00	26.04	obtuse left	88	 	0	0	0
68	78	61	858	4.59	0	7	1	0	 	5	0.00	30.63	straight	166	 	0	0	0
69	73	60	835	1.00	1	7	1	0	 	5	0.50	31.63	obtuse left	69	 	0	0	0
70	56	39	828	4.70	0	2	0	0	 	5	0.00	36.33	obtuse right	138	 	1	0	0
71	32	22	776	5.12	0	1	0	0	 	5	0.00	41.45	straight	164	 	1	0	0
72	41	24	702	1.54	0	1	0	0	 	5	0.00	42.99	sharp	20	 	1	0	0
73	51	19	761	2.07	0	2	0	0	 	5	0.00	45.05	obtuse left	138	 	1	0	0
74	53	20	740	0.34	1	2	0	0	 	5	0.50	45.39	d<1	-1	 	1	0	0
75	53	22	745	0.27	1	2	0	0	 	5	1.00	45.66	d<1	-1	 	1	0	0
76	53	24	743	0.35	1	2	0	0	 	5	1.50	46.01	d<1	-1	 	1	0	0
77	52	28	765	0.73	1	2	0	0	 	5	2.00	46.74	straight	166	 	1	0	0
78	72	41	934	4.08	0	2	0	0	 	5	0.00	50.82	obtuse left	116	 	0	0	0
79	117	55	902	8.19	0	8	1	0	 	5	0.00	59.01	straight	165	S	0	0	0
80	130	55	826	2.29	0	8	1	0	 	6	0.00	2.29		0	 	0	0	0
81	131	55	764	0.13	1	8	1	0	 	6	0.50	2.43	d<1	-1	 	0	0	0
82	135	54	761	0.73	1	8	1	0	 	6	1.00	3.16	obtuse left	136	 	0	0	0
83	147	47	884	2.50	0	9	1	0	 	6	0.00	5.65	straight	165	 	0	0	0
84	181	22	741	7.36	0	4	0	0	 	6	0.00	13.01	straight	173	 	0	0	1
85	182	21	745	0.16	1	4	0	0	 	6	0.50	13.17	d<1	-1	 	0	0	1
86	187	33	766	2.30	0	5	0	0	 	6	0.00	15.47	obtuse right	59	 	0	0	1
87	211	55	719	5.70	0	10	0	0	 	6	0.00	21.17	straight	154	 	0	0	1
88	214	62	667	1.30	1	10	0	0	 	6	0.50	22.47	straight	151	 	0	0	1
89	212	86	807	4.25	0	10	0	0	 	6	0.00	26.73	straight	157	 	0	0	0
90	216	146	785	10.45	0	20	0	0	 	6	0.00	37.18	straight	172	 	0	0	0
91	217	179	796	5.64	0	25	0	0	 	6	0.00	42.81	straight	177	 	0	0	0
92	216	176	719	0.43	1	20	0	0	 	6	0.50	43.24	d<1	-1	 	0	0	0
93	212	167	710	1.85	0	20	0	0	 	6	0.00	45.10	straight	167	 	0	0	0
94	178	196	796	7.81	0	24	0	0	 	6	0.00	52.90	obtuse left	74	 	0	0	0
95	143	210	637	6.63	0	24	0	0	 	6	0.00	59.53	straight	162	 	0	0	0
96	132	210	629	1.80	0	23	0	0	 	6	0.00	61.33	straight	157	 	0	0	0
97	135	208	724	0.61	1	23	0	0	 	6	0.50	61.94	obtuse right	40	 	0	0	0
98	97	182	848	7.94	0	23	0	0	 	6	0.00	69.88	obtuse left	74	 	0	0	0
99	67	150	860	7.77	0	17	1	0	 	6	0.00	77.66	straight	167	 	0	1	0
100	59	108	855	7.31	0	12	1	0	 	6	0.00	84.97	obtuse right	148	D	0	0	0
101	49	61	839	8.39	0	7	1	0	 	7	0.00	8.39		0	 	1	0	0
102	43	27	747	6.01	0	1	0	0	 	7	0.00	14.40	straight	180	 	1	0	0
103	53	31	719	1.77	0	2	0	0	 	7	0.00	16.17	obtuse right	58	 	1	0	0
104	57	25	764	1.28	1	2	0	0	 	7	0.50	17.45	obtuse left	104	 	1	0	0
105	57	28	719	0.60	1	2	0	0	 	7	1.00	18.05	obtuse right	32	 	1	0	0
106	58	30	687	0.36	1	2	0	0	 	7	1.50	18.41	d<1	-1	 	1	0	0
107	58	29	675	0.10	1	2	0	0	 	7	2.00	18.51	d<1	-1	 	1	0	0
108	59	28	708	0.14	1	2	0	0	 	7	2.50	18.66	d<1	-1	 	1	0	0
109	57	30	709	0.44	1	2	0	0	 	7	3.00	19.10	d<1	-1	 	1	0	0
110	60	35	728	1.00	1	2	0	0	 	7	3.50	20.10	obtuse left	115	 	1	0	0
111	66	35	641	0.96	1	2	0	0	 	7	4.00	21.06	obtuse left	121	 	1	0	0
112	70	38	836	0.98	1	2	0	0	 	7	4.50	22.05	straight	150	 	1	0	0
113	96	46	898	4.65	0	8	1	0	 	7	0.00	26.69	straight	167	 	0	0	0
114	113	48	846	3.00	0	8	1	0	 	7	0.00	29.69	straight	166	 	0	0	0
115	135	46	877	3.76	0	8	1	0	 	7	0.00	33.46	straight	174	 	0	0	0
116	170	36	796	6.32	0	4	0	0	 	7	0.00	39.77	straight	166	 	0	0	1
117	168	29	769	1.35	1	4	0	0	 	7	0.50	41.13	obtuse left	93	 	0	0	1
118	167	28	724	0.19	1	4	0	0	 	7	1.00	41.32	d<1	-1	 	0	0	1
119	168	27	754	0.22	1	4	0	0	 	7	1.50	41.54	d<1	-1	 	0	0	1
120	168	24	735	0.55	1	4	0	0	 	7	2.00	42.09	obtuse left	143	 	0	0	1
121	170	32	757	1.50	0	4	0	0	 	7	0.00	43.59	sharp	12	 	0	0	1
122	136	53	883	6.94	0	8	1	0	 	7	0.00	50.54	obtuse right	107	 	0	0	0
123	118	54	903	3.11	0	8	1	0	 	7	0.00	53.64	straight	151	 	0	0	0
124	86	49	852	5.61	0	7	1	0	 	7	0.00	59.26	straight	168	 	0	0	0
125	47	30	731	7.57	0	2	0	0	 	7	0.00	66.83	straight	163	 	1	0	0
126	48	27	709	0.53	1	2	0	0	 	7	0.50	67.36	obtuse right	114	 	1	0	0
127	57	21	687	1.93	0	2	0	0	 	7	0.00	69.29	obtuse right	124	 	1	0	0
128	57	27	661	1.09	1	2	0	0	 	7	0.50	70.38	obtuse right	62	 	1	0	0
129	59	28	645	0.44	1	2	0	0	 	7	1.00	70.82	d<1	-1	 	1	0	0
130	61	24	531	0.79	1	2	0	1	 	7	1.50	71.60	obtuse left	79	 	1	0	0
131	64	28	426	0.77	1	2	0	1	 	7	2.00	72.37	obtuse right	57	 	1	0	0
132	64	31	639	0.57	1	2	0	0	 	7	2.50	72.94	straight	158	 	1	0	0
133	86	46	850	4.65	0	7	1	0	 	7	0.00	77.59	obtuse left	136	 	0	0	0
134	132	56	864	8.18	0	8	1	0	 	7	0.00	85.77	straight	157	D	0	0	0
135	167	46	803	6.37	0	9	1	0	 	8	0.00	6.37		0	 	0	0	1
136	166	42	722	0.72	1	4	0	0	 	8	0.50	7.09	obtuse left	86	 	0	0	1
137	162	43	756	0.72	1	4	0	0	 	8	1.00	7.81	obtuse left	91	 	0	0	1
138	127	46	846	6.10	0	8	1	0	 	8	0.00	13.91	straight	165	S	0	0	0
139	114	47	816	2.20	0	8	1	0	 	9	0.00	2.20		0	 	0	0	0
140	75	44	835	6.81	0	2	0	0	 	9	0.00	9.01	straight	172	 	0	0	0
141	54	25	752	4.95	0	2	0	0	 	9	0.00	13.96	obtuse right	143	 	1	0	0
142	60	22	601	1.18	1	2	0	0	 	9	0.50	15.14	obtuse right	68	 	1	0	0
143	62	20	543	0.37	1	2	0	0	 	9	1.00	15.52	d<1	-1	 	1	0	0
144	61	14	498	1.12	1	2	0	0	 	9	1.50	16.63	obtuse left	126	 	1	0	0
145	62	17	454	0.62	1	2	0	0	 	9	2.00	17.25	sharp	10	 	1	0	0
146	63	14	353	0.62	1	2	0	0	 	9	2.50	17.87	obtuse left	37	 	1	0	0
147	59	24	662	1.84	0	2	0	0	 	9	0.00	19.71	sharp	0	 	1	0	0
148	60	24	633	0.09	1	2	0	0	 	9	0.50	19.80	d<1	-1	 	1	0	0
149	59	26	653	0.54	1	2	0	0	 	9	1.00	20.34	obtuse right	42	 	1	0	0
150	62	24	550	0.76	1	2	0	0	 	9	1.50	21.10	sharp	29	 	1	0	0
151	63	19	499	0.84	1	2	0	0	 	9	2.00	21.94	obtuse left	145	 	1	0	0
152	62	22	518	0.55	1	2	0	0	 	9	2.50	22.49	sharp	13	 	1	0	0
153	66	26	382	0.99	1	2	0	1	 	9	3.00	23.48	obtuse left	111	 	1	0	0
154	67	30	556	0.63	1	2	0	1	 	9	3.50	24.11	straight	159	 	1	0	0
155	72	37	824	1.56	0	2	0	0	 	9	0.00	25.67	straight	161	 	0	0	0
156	114	51	872	7.66	0	8	1	0	 	9	0.00	33.33	obtuse left	145	S	0	0	0
157	145	47	806	5.36	0	9	1	0	 	10	0.00	5.36		0	 	0	0	0
158	160	28	719	4.28	0	4	0	0	 	10	0.00	9.64	obtuse left	137	 	0	0	0
159	160	30	694	0.33	1	4	0	0	 	10	0.50	9.97	d<1	-1	 	0	0	0
160	161	29	692	0.15	1	4	0	0	 	10	1.00	10.13	d<1	-1	 	0	0	0
161	160	26	604	0.60	1	4	0	0	 	10	1.50	10.73	obtuse left	135	 	0	0	0
162	160	24	610	0.29	1	4	0	0	 	10	2.00	11.02	d<1	-1	 	0	0	0
163	164	29	665	1.08	1	4	0	0	 	10	2.50	12.10	sharp	26	 	0	0	1
164	166	31	721	0.56	1	4	0	0	 	10	3.00	12.66	straight	173	 	0	0	1
165	168	32	718	0.34	1	4	0	0	 	10	3.50	13.00	d<1	-1	 	0	0	1
166	156	54	793	4.40	0	9	1	0	 	10	0.00	17.41	obtuse right	80	 	0	0	0
167	138	79	792	5.29	0	9	1	0	 	10	0.00	22.70	straight	174	 	0	0	0
168	142	124	862	7.79	0	14	1	0	 	10	0.00	30.49	obtuse left	141	 	0	0	0
169	173	171	793	9.85	0	19	1	0	 	10	0.00	40.34	straight	152	 	0	0	0
170	189	181	693	3.29	0	25	0	0	 	10	0.00	43.63	straight	155	 	0	0	0
171	191	185	700	0.69	1	25	0	0	 	10	0.50	44.33	obtuse right	142	 	0	0	0
172	186	184	686	0.78	1	25	0	0	 	10	1.00	45.10	obtuse right	59	 	0	0	0
173	168	160	774	5.23	0	19	1	0	 	10	0.00	50.33	obtuse right	139	 	0	0	0
174	118	119	862	11.33	0	13	1	0	 	10	0.00	61.66	straight	167	 	0	0	0
175	76	81	869	9.83	0	7	1	0	 	10	0.00	71.49	straight	177	 	0	0	0
176	49	62	815	5.73	0	7	1	0	 	10	0.00	77.22	straight	173	 	1	0	0
177	23	56	744	4.69	0	6	0	0	 	10	0.00	81.92	straight	159	D	1	0	0
178	18	63	729	1.46	1	6	0	0	 	0	0.00	0.00		0	 	1	0	0
179	9	102	748	6.91	0	11	0	0	 	11	0.00	6.91		0	 	0	0	0
180	9	149	698	8.15	0	16	0	0	 	11	0.00	15.05	straight	168	 	0	1	0
181	22	192	723	7.89	0	21	0	0	 	11	0.00	22.94	straight	163	 	0	1	0
182	24	201	643	1.55	0	21	0	0	 	11	0.00	24.49	straight	177	 	0	1	0
183	16	206	575	1.64	0	21	0	0	 	11	0.00	26.12	obtuse right	108	 	0	1	0
184	12	206	543	0.63	1	21	0	1	 	11	0.50	26.75	straight	154	 	0	1	0
185	15	202	586	0.92	1	21	0	0	 	11	1.00	27.68	obtuse right	56	 	0	1	0
186	30	201	682	2.61	0	21	0	0	 	11	0.00	30.29	obtuse right	119	 	0	1	0
187	66	185	762	6.94	0	22	0	0	 	11	0.00	37.23	straight	156	 	0	1	0
188	100	130	882	11.27	0	13	1	0	 	11	0.00	48.50	obtuse left	146	 	0	0	0
189	117	74	867	10.14	0	8	1	0	 	11	0.00	58.64	straight	165	 	0	0	0
190	114	61	869	2.28	0	8	1	0	 	11	0.00	60.92	obtuse left	148	 	0	0	0
191	103	54	837	2.33	0	8	1	0	 	11	0.00	63.25	obtuse left	139	 	0	0	0
192	67	45	823	6.49	0	7	1	0	 	11	0.00	69.74	straight	159	 	1	0	0
193	44	35	775	4.33	0	1	0	0	 	11	0.00	74.07	straight	169	 	1	0	0
194	28	27	717	3.07	0	1	0	0	 	11	0.00	77.14	straight	177	 	1	0	0
195	23	19	792	1.65	0	1	0	0	 	11	0.00	78.80	straight	152	 	1	0	0
196	27	21	708	0.85	1	1	0	0	 	11	0.50	79.65	obtuse right	32	 	1	0	0
197	38	18	670	1.92	0	1	0	0	 	11	0.00	81.57	obtuse left	142	D	1	0	0
198	40	14	515	0.79	1	1	0	0	 	0	0.00	0.00		0	 	1	0	0
199	52	17	744	2.05	0	2	0	0	 	12	0.00	2.05		0	 	1	0	0
200	65	34	815	3.67	0	2	0	0	 	12	0.00	5.73	obtuse right	143	 	1	0	0
201	113	59	831	9.59	0	8	1	0	 	12	0.00	15.31	straight	155	 	0	0	0
202	147	49	817	6.15	0	9	1	0	 	12	0.00	21.47	obtuse left	136	 	0	0	0
203	159	31	688	3.70	0	4	0	0	 	12	0.00	25.17	obtuse left	140	 	0	0	0
204	160	30	655	0.27	1	4	0	0	 	12	0.50	25.44	d<1	-1	 	0	0	0
205	162	30	683	0.37	1	4	0	0	 	12	1.00	25.81	d<1	-1	 	0	0	1
206	162	24	605	1.07	1	4	0	0	 	12	1.50	26.88	obtuse left	76	 	0	0	1
207	164	27	613	0.66	1	4	0	0	 	12	2.00	27.54	obtuse right	36	 	0	0	1
208	169	30	734	1.05	1	4	0	0	 	12	2.50	28.58	straight	161	 	0	0	1
209	153	52	775	4.78	0	9	1	0	 	12	0.00	33.36	obtuse right	85	 	0	0	0
210	136	60	800	3.26	0	8	1	0	 	12	0.00	36.62	straight	151	 	0	0	0
211	103	63	801	5.78	0	8	1	0	 	12	0.00	42.40	straight	162	 	0	0	0
212	116	73	752	2.77	0	8	1	0	 	12	0.00	45.16	obtuse left	41	 	0	0	0
213	134	72	830	3.14	0	8	1	0	 	12	0.00	48.30	obtuse left	142	 	0	0	0
214	156	45	803	5.98	0	9	1	0	 	12	0.00	54.28	obtuse left	133	 	0	0	0
215	159	28	647	3.06	0	4	0	0	 	12	0.00	57.34	straight	152	 	0	0	0
216	159	30	687	0.35	1	4	0	0	 	12	0.50	57.69	d<1	-1	 	0	0	0
217	158	32	703	0.50	1	4	0	0	 	12	1.00	58.19	straight	153	 	0	0	0
218	158	38	788	0.94	1	4	0	0	 	12	1.50	59.13	obtuse left	144	 	0	0	0
219	157	46	722	1.50	1	9	1	0	 	12	2.00	60.63	straight	167	 	0	0	0
220	158	45	728	0.24	1	9	1	0	 	12	2.50	60.87	d<1	-1	 	0	0	0
221	160	46	728	0.38	1	9	1	0	 	12	3.00	61.25	d<1	-1	 	0	0	0
222	160	46	755	0.10	1	9	1	0	 	12	3.50	61.35	d<1	-1	 	0	0	0
223	159	48	725	0.34	1	9	1	0	 	12	4.00	61.69	d<1	-1	 	0	0	0
224	159	48	728	0.10	1	9	1	0	 	12	4.50	61.79	d<1	-1	 	0	0	0
225	140	57	812	3.62	0	9	1	0	 	12	0.00	65.41	obtuse right	145	 	0	0	0
226	111	55	819	5.04	0	8	1	0	 	12	0.00	70.45	straight	151	 	0	0	0
227	100	53	854	2.05	0	8	1	0	 	12	0.00	72.50	straight	172	 	0	0	0
228	58	32	730	8.12	0	2	0	0	 	12	0.00	80.62	straight	165	S	1	0	0
229	50	22	680	2.16	0	2	0	0	 	13	0.00	2.16		0	 	1	0	0
230	57	18	625	1.34	1	2	0	0	 	13	0.50	3.50	obtuse right	83	 	1	0	0
231	59	19	538	0.50	1	2	0	0	 	13	1.00	4.00	obtuse right	129	 	1	0	0
232	62	15	413	0.81	1	2	0	0	 	13	1.50	4.81	obtuse left	110	 	1	0	0
233	62	13	354	0.39	1	2	0	0	 	13	2.00	5.20	d<1	-1	 	1	0	0
234	62	14	392	0.15	1	2	0	0	 	13	2.50	5.35	d<1	-1	 	1	0	0
235	63	20	461	1.08	1	2	0	0	 	13	3.00	6.43	straight	152	 	1	0	0
236	78	45	799	5.02	0	7	1	0	 	13	0.00	11.44	straight	161	 	0	0	0
237	114	61	838	6.83	0	8	1	0	 	13	0.00	18.27	obtuse left	144	 	0	0	0
238	139	53	772	4.47	0	9	1	0	 	13	0.00	22.74	obtuse left	140	 	0	0	0
239	141	52	665	0.51	1	9	1	0	 	13	0.50	23.26	straight	176	 	0	0	0
240	136	51	730	0.89	1	8	1	0	 	13	1.00	24.15	sharp	30	 	0	0	0
241	121	48	849	2.74	0	8	1	0	 	13	0.00	26.89	straight	176	 	0	0	0
242	107	47	831	2.41	0	8	1	0	 	13	0.00	29.30	straight	169	 	0	0	0
243	71	36	759	6.64	0	2	0	0	 	13	0.00	35.94	straight	165	S	1	0	0
244	63	23	561	2.65	0	2	0	0	 	14	0.00	2.65		0	 	1	0	0
245	63	23	546	0.04	1	2	0	0	 	14	0.50	2.70	d<1	-1	 	1	0	0
246	63	22	535	0.18	1	2	0	0	 	14	1.00	2.88	d<1	-1	 	1	0	0
247	63	23	553	0.19	1	2	0	0	 	14	1.50	3.07	d<1	-1	 	1	0	0
248	63	23	546	0.10	1	2	0	0	 	14	2.00	3.16	d<1	-1	 	1	0	0
249	64	17	429	1.02	1	2	0	0	 	14	2.50	4.18	sharp	28	 	1	0	0
250	64	17	414	0.12	1	2	0	0	 	14	3.00	4.31	d<1	-1	 	1	0	0
251	64	21	423	0.79	1	2	0	0	 	14	3.50	5.10	sharp	7	 	1	0	0
252	82	44	816	5.00	0	2	0	0	 	14	0.00	10.10	obtuse left	145	 	0	0	0
253	118	49	829	6.48	0	8	1	0	 	14	0.00	16.57	obtuse left	137	 	0	0	0
254	124	51	739	0.98	1	8	1	0	 	14	0.50	17.56	straight	180	 	0	0	0
255	125	48	668	0.45	1	8	1	0	 	14	1.00	18.01	d<1	-1	 	0	0	0
256	126	45	600	0.53	1	8	1	0	 	14	1.50	18.54	straight	169	 	0	0	0
257	135	43	769	1.61	0	3	0	1	 	14	0.00	20.15	obtuse right	131	 	0	0	0
258	132	48	862	1.16	1	8	1	0	 	14	0.50	21.31	obtuse right	45	 	0	0	0
259	135	49	894	0.55	1	8	1	0	 	14	1.00	21.85	obtuse left	68	 	0	0	0
260	135	49	867	0.09	1	8	1	0	 	14	1.50	21.94	d<1	-1	 	0	0	0
261	127	52	752	1.47	1	8	1	0	 	14	2.00	23.42	obtuse right	125	 	0	0	0
262	122	55	755	0.98	1	8	1	0	 	14	2.50	24.40	straight	157	 	0	0	0
263	107	53	783	2.74	0	8	1	0	 	14	0.00	27.14	obtuse right	130	 	0	0	0
264	63	36	743	8.24	0	2	0	0	 	14	0.00	35.39	straight	168	S	1	0	0
265	36	18	653	5.56	0	1	0	0	 	15	0.00	5.56		0	 	1	0	0
266	23	20	677	2.27	0	1	0	0	 	15	0.00	7.83	obtuse left	137	 	1	0	0
267	24	57	740	6.42	0	6	0	0	 	15	0.00	14.26	obtuse left	99	 	1	0	0
268	66	89	849	9.22	0	12	1	0	 	15	0.00	23.47	obtuse left	128	 	0	0	0
269	133	92	893	11.74	0	13	1	0	 	15	0.00	35.21	obtuse left	145	 	0	0	0
270	149	68	812	4.91	0	9	1	0	 	15	0.00	40.12	obtuse left	122	 	0	0	0
271	142	60	815	1.80	0	9	1	0	 	15	0.00	41.92	obtuse left	104	 	0	0	0
272	129	53	799	2.64	0	8	1	0	 	15	0.00	44.56	straight	162	 	0	0	0
273	118	51	847	1.96	0	8	1	0	 	15	0.00	46.53	straight	162	 	0	0	0
274	65	40	785	9.39	0	2	0	0	 	15	0.00	55.92	straight	180	S	1	0	0
275	42	26	703	4.65	0	1	0	0	 	16	0.00	4.65		0	 	1	0	0
276	26	21	705	2.88	0	1	0	0	 	16	0.00	7.53	straight	164	 	1	0	0
277	25	27	721	1.04	1	1	0	0	 	16	0.50	8.58	obtuse left	88	 	1	0	0
278	9	73	688	8.40	0	6	0	0	 	16	0.00	16.98	straight	175	 	1	0	0
279	37	127	848	10.66	0	11	0	0	 	16	0.00	27.64	obtuse left	133	 	0	0	0
280	92	175	868	12.68	0	18	1	0	 	16	0.00	40.32	straight	159	 	0	0	0
281	145	198	818	9.95	0	24	0	0	 	16	0.00	50.27	straight	162	 	0	0	0
282	176	209	678	5.83	0	24	0	0	 	16	0.00	56.10	straight	177	 	0	0	0
283	183	208	730	1.25	1	24	0	0	 	16	0.50	57.35	straight	151	 	0	0	0
284	202	183	720	5.50	0	25	0	0	 	16	0.00	62.85	obtuse left	134	 	0	0	0
285	197	127	811	9.79	0	15	0	0	 	16	0.00	72.64	obtuse left	140	 	0	0	0
286	170	78	889	9.73	0	9	1	0	 	16	0.00	82.37	straight	155	D	0	0	0
287	142	63	877	5.53	0	9	1	0	 	17	0.00	5.53		0	 	0	0	0
288	134	59	881	1.50	0	8	1	0	 	17	0.00	7.03	straight	176	 	0	0	0
289	134	57	918	0.27	1	8	1	0	 	17	0.50	7.30	d<1	-1	 	0	0	0
290	124	51	828	2.05	0	8	1	0	 	17	0.00	9.36	obtuse left	126	 	0	0	0
291	123	51	818	0.18	1	8	1	0	 	17	0.50	9.54	d<1	-1	 	0	0	0
292	116	57	797	1.52	0	8	1	0	 	17	0.00	11.06	obtuse left	132	 	0	0	0
293	85	77	838	6.42	0	7	1	0	 	17	0.00	17.49	straight	169	 	0	0	0
294	43	101	825	8.41	0	11	0	0	 	17	0.00	25.90	straight	176	 	0	0	0
295	12	137	702	8.31	0	16	0	0	 	17	0.00	34.21	straight	160	 	0	0	0
296	14	171	721	5.92	0	16	0	0	 	17	0.00	40.13	obtuse left	136	 	0	1	0
297	39	182	694	4.70	0	21	0	0	 	17	0.00	44.84	obtuse left	118	 	0	1	0
298	80	126	856	12.05	0	12	1	0	 	17	0.00	56.88	obtuse left	101	 	0	0	0
299	126	64	842	13.55	0	8	1	0	 	17	0.00	70.43	straight	180	 	0	0	0
300	158	39	806	7.01	0	4	0	0	 	17	0.00	77.44	straight	164	 	0	0	0
